1
2
3
4
5
6
q_prop:
0.050021 0.099620 0.057159 0.107075 
q_obs:
0.999957 0.999505 0.999418 0.999886 
R:
0.000100 0.000001 -0.000000 
0.000100 0.000000 -0.000000 
0.000100 0.000002 0.000000 

x_est: 
0.050021 0.099620 0.057159 0.107075 -0.024421 -0.035581 -0.016055 
q_prop:
0.099620 0.057159 0.107075 -0.024421 
q_obs:
0.999505 0.999418 0.999267 0.999957 
R:
0.000100 0.000002 0.000000 
0.000100 0.000001 0.000000 
0.000100 0.000001 0.000000 

K*(q_obs - q_prop): 
-0.004551 -0.003986 0.008120 0.007706 -0.019926 -0.143585 -0.189953 
x_prop: 
0.099620 0.057159 0.107075 -0.024421 -0.035581 -0.016055 -0.020154 
x_est: 
0.596342 0.333540 0.722588 -0.104848 -0.055507 -0.159640 -0.210107 
q_prop:
0.057159 0.107075 -0.024421 -0.035581 
q_obs:
0.999418 0.999267 0.998414 0.999505 
R:
0.000100 0.000002 0.000000 
0.000100 0.000001 0.000000 
0.000100 0.000001 0.000000 

x_est: 
0.057159 0.107075 -0.024421 -0.035581 -0.016055 -0.020154 -0.014422 
q_prop:
0.107075 -0.024421 -0.035581 -0.016055 
q_obs:
0.999267 0.998414 0.998124 0.999418 
R:
0.000100 -0.000000 -0.000000 
0.000100 -0.000001 -0.000000 
0.000100 -0.000001 -0.000000 

K*(q_obs - q_prop): 
0.011417 0.006920 0.040358 -0.023821 -0.268426 -0.719808 -0.957954 
x_prop: 
0.107075 -0.024421 -0.035581 -0.016055 -0.020154 -0.014422 -0.016738 
x_est: 
0.937948 -0.138535 0.037811 -0.315645 -0.288580 -0.734230 -0.974692 
q_prop:
-0.024421 -0.035581 -0.016055 -0.020154 
q_obs:
0.998414 0.998124 0.996366 0.999267 
R:
0.000100 0.000000 0.000000 
0.000100 -0.000001 -0.000000 
0.000100 -0.000000 -0.000000 

x_est: 
-0.024421 -0.035581 -0.016055 -0.020154 -0.014422 -0.016738 -0.004893 
q_prop:
-0.035581 -0.016055 -0.020154 -0.014422 
q_obs:
0.998124 0.996366 0.996047 0.998414 
R:
0.000100 0.000000 0.000000 
0.000100 0.000000 0.000000 
0.000100 -0.000001 -0.000000 

K*(q_obs - q_prop): 
-0.000180 0.000117 0.003231 -0.004200 -0.080466 -0.083994 -0.096819 
x_prop: 
-0.035581 -0.016055 -0.020154 -0.014422 -0.016738 -0.004893 -0.005180 
x_est: 
-0.768379 -0.342453 -0.363620 -0.400125 -0.097204 -0.088887 -0.102000 
