0.999886, 0.011062, -0.009881, 0.002749
1.117983, 0.005808, -0.004069, 0.004241
1.130710, -0.015787, 0.022903, -0.000033
1.132039, -0.013294, 0.022006, 0.015697
1.132053, -0.003127, 0.032741, 0.007733
1.131302, -0.006757, 0.048931, 0.005349
1.130963, -0.002843, 0.052228, 0.013535
1.129374, -0.007871, 0.074616, 0.004087
1.128917, -0.003514, 0.077274, 0.012575
1.127968, 0.002583, 0.087239, 0.010032
1.127169, 0.004134, 0.092924, 0.016777
1.124361, -0.008034, 0.116040, 0.012310
1.123067, -0.007198, 0.122482, 0.018492
1.120782, -0.001672, 0.137881, 0.009946
1.120093, 0.001954, 0.139576, 0.019698
1.117417, -0.005004, 0.154606, 0.020801
1.116320, 0.001818, 0.158391, 0.025588
1.113587, 0.001836, 0.172329, 0.022907
1.110708, -0.000103, 0.184597, 0.023574
1.107570, -0.008236, 0.196292, 0.028828
1.103601, -0.007579, 0.212005, 0.023441
1.102526, -0.003963, 0.213374, 0.033124
1.097604, -0.002264, 0.232693, 0.022913
1.097199, -0.006531, 0.229377, 0.042624
1.092042, -0.003200, 0.248943, 0.030968
1.086454, -0.010578, 0.264983, 0.029609
1.083491, -0.013450, 0.271140, 0.036965
1.080161, -0.014094, 0.279504, 0.040366
1.074981, -0.012913, 0.293671, 0.036056
1.071977, -0.004742, 0.300426, 0.036874
1.065926, -0.014353, 0.314802, 0.037448
1.066753, -0.007926, 0.309060, 0.053316
1.059220, -0.009822, 0.329185, 0.043316
1.051005, -0.011028, 0.346959, 0.035901
1.048713, -0.013876, 0.348706, 0.047248
1.042596, -0.017272, 0.361250, 0.046057
1.041532, -0.003126, 0.361868, 0.051453
1.031805, -0.012072, 0.381852, 0.043886
1.029130, -0.019908, 0.383070, 0.057225
1.018304, -0.015569, 0.404512, 0.042386
1.020961, -0.017837, 0.394544, 0.066352
1.008795, -0.019484, 0.418444, 0.050125
1.006337, -0.020157, 0.419159, 0.061197
0.993824, -0.021245, 0.440413, 0.047569
0.987841, -0.025273, 0.447017, 0.052438
0.985457, -0.026792, 0.448441, 0.062227
0.979432, -0.022650, 0.457246, 0.061337
0.971680, -0.024142, 0.467426, 0.060363
0.962681, -0.022949, 0.479091, 0.056897
0.957632, -0.031561, 0.483232, 0.064617
0.951966, -0.025991, 0.490076, 0.065600
0.941584, -0.029220, 0.502470, 0.061235
0.933779, -0.029695, 0.510488, 0.062067
0.926403, -0.028881, 0.518048, 0.062858
0.919053, -0.038783, 0.524325, 0.066513
0.913409, -0.029321, 0.530139, 0.068102
0.903380, -0.029287, 0.540228, 0.064799
0.892817, -0.042366, 0.548887, 0.064680
0.889444, -0.034428, 0.551253, 0.071537
0.883061, -0.039787, 0.556035, 0.074886
0.868756, -0.038737, 0.569111, 0.065762
0.864492, -0.043470, 0.570823, 0.074643
0.854010, -0.045012, 0.579133, 0.071549
0.846746, -0.041395, 0.584374, 0.073907
0.838013, -0.043956, 0.590244, 0.074457
0.831709, -0.042696, 0.594137, 0.078295
0.820784, -0.046176, 0.601222, 0.075846
0.809730, -0.049818, 0.607899, 0.074355
0.802957, -0.047954, 0.611694, 0.078236
0.791311, -0.051307, 0.618131, 0.075185
0.779948, -0.048212, 0.624576, 0.073341
0.770848, -0.049847, 0.628939, 0.074748
0.767703, -0.057869, 0.629068, 0.083587
0.759768, -0.059880, 0.632112, 0.084591
0.745549, -0.047262, 0.639540, 0.078549
0.735992, -0.058454, 0.642665, 0.080204
0.726462, -0.059006, 0.646094, 0.080815
0.712796, -0.061084, 0.650548, 0.076375
0.705036, -0.061683, 0.653225, 0.080224
0.694335, -0.073778, 0.654781, 0.078665
0.684273, -0.065628, 0.658217, 0.079412
0.670912, -0.059328, 0.661517, 0.076331
0.663608, -0.063817, 0.663158, 0.080445
0.655286, -0.065974, 0.663977, 0.082045
0.643659, -0.064688, 0.665211, 0.080353
0.625519, -0.061625, 0.666406, 0.072279
0.627589, -0.064123, 0.669181, 0.088611
0.611485, -0.074792, 0.665472, 0.077396
0.605355, -0.072062, 0.667851, 0.084473
0.592955, -0.076876, 0.665691, 0.080326
0.583766, -0.072878, 0.666334, 0.083089
0.567076, -0.073255, 0.662708, 0.075451
0.556833, -0.077771, 0.662948, 0.076683
0.548985, -0.075839, 0.662317, 0.080130
0.539831, -0.075564, 0.659711, 0.080920
0.525910, -0.075107, 0.654250, 0.076474
0.517584, -0.075022, 0.653997, 0.080074
0.506223, -0.084412, 0.647619, 0.075637
0.486551, -0.073437, 0.635753, 0.067486
0.475776, -0.074824, 0.635400, 0.069720
0.472318, -0.080851, 0.637068, 0.076242
0.458437, -0.074865, 0.622271, 0.070583
0.451995, -0.079484, 0.622672, 0.074840
0.438720, -0.076305, 0.607794, 0.069752
0.421401, -0.074555, 0.589125, 0.061410
0.415771, -0.081470, 0.594166, 0.067273
0.402772, -0.073716, 0.573532, 0.062897
0.394377, -0.078661, 0.568383, 0.063341
0.382371, -0.073927, 0.548732, 0.059806
0.379441, -0.081546, 0.555635, 0.066400
0.367281, -0.077127, 0.524925, 0.058394
0.355272, -0.075870, 0.504444, 0.054143
0.337458, -0.059086, 0.457054, 0.046420
0.332883, -0.069824, 0.474025, 0.052707
0.323839, -0.064969, 0.442116, 0.047901
0.316009, -0.061161, 0.423869, 0.047913
0.308853, -0.060825, 0.403967, 0.045798
0.297139, -0.053029, 0.346467, 0.035110
0.289791, -0.049369, 0.332457, 0.036736
0.281560, -0.044610, 0.287518, 0.029794
0.278077, -0.048246, 0.292699, 0.032975
0.271538, -0.038901, 0.234040, 0.024798
0.265658, -0.032145, 0.191240, 0.020022
0.261107, -0.026846, 0.157490, 0.016785
0.257183, -0.019480, 0.112106, 0.011767
0.254183, -0.012043, 0.068175, 0.007122
0.252459, -0.009694, 0.053396, 0.005933
0.251499, 0.007814, -0.045622, -0.004776
0.251600, 0.014446, -0.080485, -0.008331
0.253311, 0.024429, -0.137539, -0.014168
0.256285, 0.034375, -0.185066, -0.018000
0.259430, 0.040992, -0.213898, -0.021015
0.264014, 0.049917, -0.257057, -0.024867
0.271163, 0.057642, -0.311913, -0.031146
0.276360, 0.065607, -0.325836, -0.030891
0.286475, 0.073841, -0.386407, -0.036358
0.295018, 0.076862, -0.408428, -0.041018
0.305001, 0.088259, -0.440313, -0.038733
0.314367, 0.091811, -0.461591, -0.042344
0.322794, 0.099282, -0.477317, -0.041837
0.330583, 0.102767, -0.491429, -0.045142
0.341501, 0.107496, -0.517374, -0.047047
0.353375, 0.107543, -0.538027, -0.052680
0.362039, 0.117974, -0.543952, -0.047555
0.378063, 0.123752, -0.574663, -0.044523
0.379311, 0.127032, -0.554578, -0.049494
0.395015, 0.127017, -0.591044, -0.052883
0.404557, 0.132952, -0.592072, -0.051412
0.415685, 0.137700, -0.602901, -0.050198
0.429880, 0.137760, -0.616866, -0.052431
0.436511, 0.147713, -0.612945, -0.047319
0.451197, 0.148736, -0.629127, -0.046990
0.459726, 0.153540, -0.628144, -0.046852
0.470413, 0.150602, -0.635466, -0.054875
0.479750, 0.161864, -0.637033, -0.044511
0.488051, 0.162379, -0.639465, -0.049777
0.505802, 0.162256, -0.651596, -0.046654
0.518369, 0.163480, -0.652016, -0.047415
0.528942, 0.168830, -0.652552, -0.043086
0.538202, 0.171938, -0.653058, -0.043319
0.546907, 0.174816, -0.653532, -0.044290
0.560874, 0.174949, -0.657532, -0.043123
0.568953, 0.178900, -0.654926, -0.043530
0.578691, 0.181778, -0.655425, -0.042591
0.590593, 0.180418, -0.656544, -0.046533
0.596378, 0.192552, -0.651894, -0.034115
0.613572, 0.186564, -0.656048, -0.037875
0.624050, 0.188822, -0.652662, -0.037748
0.632094, 0.192808, -0.650056, -0.036567
0.647617, 0.195030, -0.649347, -0.025178
0.645728, 0.203189, -0.642896, -0.032918
0.658743, 0.200658, -0.644520, -0.034417
0.673676, 0.197310, -0.642337, -0.037043
0.681351, 0.208370, -0.636340, -0.019177
0.689839, 0.207630, -0.634089, -0.026522
0.703956, 0.205027, -0.631327, -0.026891
0.709113, 0.210646, -0.626477, -0.026604
0.716934, 0.215841, -0.622559, -0.018670
0.725531, 0.218190, -0.618590, -0.017055
0.740544, 0.214334, -0.614315, -0.017345
0.750871, 0.214133, -0.609120, -0.020597
0.758402, 0.217048, -0.604250, -0.020051
0.761981, 0.225429, -0.599312, -0.011285
0.771442, 0.225374, -0.594858, -0.012144
0.786517, 0.220624, -0.588523, -0.013636
0.791901, 0.226455, -0.582733, -0.009408
0.802151, 0.226440, -0.576709, -0.006591
0.813302, 0.224200, -0.570306, -0.011359
0.817504, 0.230987, -0.564686, -0.004183
0.827552, 0.231625, -0.557516, 0.004032
0.839598, 0.228523, -0.549926, 0.001008
0.845265, 0.233747, -0.543270, 0.009955
0.845478, 0.239498, -0.540685, -0.003820
0.857557, 0.237706, -0.531596, 0.008104
0.861130, 0.243635, -0.525967, 0.011835
0.871532, 0.240887, -0.518144, 0.007257
0.876357, 0.245224, -0.511852, 0.011055
0.887751, 0.241955, -0.502505, 0.011002
0.897947, 0.240754, -0.492966, 0.015760
0.907461, 0.239435, -0.483865, 0.015247
0.913479, 0.241953, -0.476212, 0.020324
0.918596, 0.244695, -0.469148, 0.022372
0.925147, 0.245621, -0.461086, 0.023238
0.934539, 0.243562, -0.450511, 0.029242
0.933270, 0.253217, -0.447587, 0.030240
0.944139, 0.248265, -0.435725, 0.030541
0.955520, 0.243652, -0.423257, 0.031578
0.957826, 0.249416, -0.417546, 0.034611
0.961065, 0.253045, -0.411084, 0.030248
0.964926, 0.255464, -0.402921, 0.042339
0.969679, 0.256961, -0.394467, 0.045933
0.974946, 0.257804, -0.385488, 0.048886
0.974072, 0.265561, -0.381569, 0.055157
0.981173, 0.263945, -0.371014, 0.049652
0.987408, 0.263717, -0.360989, 0.049490
0.998581, 0.256456, -0.345287, 0.053706
0.998886, 0.262997, -0.340512, 0.061129
1.012215, 0.252661, -0.321851, 0.053316
1.009796, 0.262932, -0.320251, 0.061300
1.013269, 0.263000, -0.310499, 0.068215
1.016097, 0.263799, -0.301490, 0.078668
1.022997, 0.263173, -0.289588, 0.063352
1.028767, 0.260345, -0.277302, 0.070803
1.032473, 0.260439, -0.267338, 0.075925
1.042091, 0.252079, -0.249381, 0.074219
1.041969, 0.257951, -0.244521, 0.080892
1.040560, 0.266480, -0.240806, 0.077267
1.045108, 0.263478, -0.227862, 0.081001
1.047666, 0.264836, -0.218492, 0.082671
1.050661, 0.263132, -0.207487, 0.090796
1.055562, 0.260542, -0.193948, 0.089216
1.052785, 0.268884, -0.192064, 0.096514
1.059230, 0.261521, -0.174311, 0.096546
1.064266, 0.259540, -0.160135, 0.090810
1.063058, 0.262210, -0.155046, 0.105676
1.064113, 0.263763, -0.145595, 0.106506
1.063792, 0.270132, -0.139255, 0.102092
1.067358, 0.264037, -0.124323, 0.109306
1.072192, 0.260615, -0.107906, 0.102301
1.071814, 0.262293, -0.101044, 0.111477
1.073527, 0.259369, -0.088594, 0.116274
1.073847, 0.262694, -0.079738, 0.114234
1.075089, 0.260932, -0.067881, 0.117420
1.074031, 0.265032, -0.061285, 0.119930
1.070909, 0.269605, -0.058285, 0.130744
1.075052, 0.263551, -0.038231, 0.122993
1.077690, 0.257531, -0.022337, 0.125240
1.074705, 0.263098, -0.019994, 0.134605
1.077774, 0.256575, -0.000033, 0.128381
1.073816, 0.263190, -0.000322, 0.141079
1.076513, 0.251811, 0.020695, 0.142665
1.076227, 0.256590, 0.030861, 0.135326
1.074355, 0.258475, 0.037963, 0.140721
1.075180, 0.254212, 0.054846, 0.137072
1.073813, 0.249758, 0.064110, 0.149183
1.071098, 0.251069, 0.069879, 0.157871
1.068692, 0.256948, 0.076827, 0.155830
1.067771, 0.251732, 0.090186, 0.160520
1.066218, 0.253405, 0.100650, 0.158817
1.066072, 0.245359, 0.118445, 0.159106
1.061718, 0.252472, 0.117555, 0.169654
1.062809, 0.238634, 0.144765, 0.161359
1.058471, 0.245061, 0.143160, 0.174135
1.056233, 0.246423, 0.155662, 0.169398
1.054545, 0.239996, 0.171284, 0.170193
1.050684, 0.247240, 0.174262, 0.173395
1.048690, 0.237232, 0.191372, 0.176364
1.045270, 0.243880, 0.198912, 0.172764
1.041911, 0.238077, 0.207720, 0.183323
1.038213, 0.241953, 0.215228, 0.183310
1.034103, 0.240916, 0.219549, 0.194375
1.031052, 0.235695, 0.235505, 0.192119
1.027313, 0.235908, 0.245036, 0.193039
1.023404, 0.236769, 0.255538, 0.191694
1.019123, 0.236334, 0.261104, 0.199236
1.015228, 0.229947, 0.276582, 0.198307
1.011046, 0.225236, 0.290954, 0.196736
1.006457, 0.225285, 0.297850, 0.201245
1.001606, 0.230042, 0.305686, 0.199340
0.996801, 0.232629, 0.307197, 0.208780
0.992052, 0.221919, 0.320791, 0.213937
0.986615, 0.233850, 0.329141, 0.204005
0.981718, 0.221221, 0.340173, 0.214080
0.976498, 0.222876, 0.346492, 0.216850
0.970863, 0.220767, 0.358400, 0.215082
0.964687, 0.214016, 0.374854, 0.210663
0.959453, 0.217440, 0.375741, 0.219459
0.953766, 0.216413, 0.383118, 0.222517
0.947535, 0.211698, 0.394682, 0.222639
0.940922, 0.209234, 0.406259, 0.220596
0.934995, 0.201626, 0.413237, 0.229034
0.928509, 0.209585, 0.419503, 0.225732
0.922210, 0.193232, 0.429460, 0.236036
0.915445, 0.204010, 0.435462, 0.230828
0.907838, 0.190701, 0.449754, 0.231663
0.900597, 0.195351, 0.456758, 0.229607
0.892516, 0.192721, 0.468230, 0.225949
0.888306, 0.192628, 0.462683, 0.245207
0.879258, 0.193594, 0.477625, 0.233249
0.871612, 0.189015, 0.485373, 0.235937
0.865353, 0.186177, 0.488086, 0.244302
0.857588, 0.188444, 0.495034, 0.242605
0.848864, 0.180950, 0.505839, 0.241410
0.841157, 0.172999, 0.512591, 0.246224
0.832235, 0.184625, 0.518764, 0.239369
0.825403, 0.176017, 0.522785, 0.248220
0.817217, 0.165164, 0.530715, 0.251358
0.809356, 0.166906, 0.534917, 0.252883
0.800594, 0.164802, 0.541650, 0.252234
0.790122, 0.162441, 0.551495, 0.246378
0.783611, 0.157324, 0.552265, 0.256978
0.774997, 0.158954, 0.557165, 0.255777
0.767359, 0.160297, 0.559306, 0.259528
0.754687, 0.151803, 0.572528, 0.248703
0.749142, 0.151592, 0.569817, 0.262383
0.740064, 0.151708, 0.574501, 0.260413
0.728708, 0.147590, 0.582634, 0.254733
0.720291, 0.146640, 0.584730, 0.258874
0.708139, 0.147006, 0.592122, 0.250411
0.700847, 0.143879, 0.592443, 0.258773
0.692634, 0.134392, 0.595321, 0.262682
0.682782, 0.130479, 0.599077, 0.261646
0.672025, 0.131026, 0.602729, 0.258538
0.663291, 0.126191, 0.604394, 0.262322
0.651621, 0.121947, 0.608970, 0.256965
0.642783, 0.123654, 0.609150, 0.260336
0.632626, 0.135068, 0.608465, 0.258179
0.621860, 0.125150, 0.611887, 0.256655
0.613218, 0.121583, 0.612012, 0.260476
0.600524, 0.116364, 0.614950, 0.252989
0.593197, 0.107574, 0.614618, 0.261434
0.581434, 0.101522, 0.615885, 0.255319
0.572962, 0.101876, 0.614329, 0.259827
0.558786, 0.099605, 0.615000, 0.248260
0.551174, 0.096307, 0.613555, 0.256508
0.541673, 0.092358, 0.611502, 0.255681
0.528538, 0.092201, 0.609494, 0.247179
0.522451, 0.090390, 0.607020, 0.258103
0.509554, 0.089903, 0.602813, 0.247725
0.497955, 0.082577, 0.600772, 0.244701
0.487525, 0.082252, 0.596748, 0.243834
0.478288, 0.075813, 0.593115, 0.244419
0.468311, 0.082747, 0.586054, 0.243157
0.456262, 0.064506, 0.581758, 0.234799
0.441100, 0.065115, 0.571998, 0.221415
0.432025, 0.066121, 0.567746, 0.226311
0.419934, 0.068580, 0.555693, 0.218052
0.411375, 0.055419, 0.551539, 0.219043
0.403716, 0.054481, 0.543334, 0.220526
0.392799, 0.060096, 0.527657, 0.212986
0.381510, 0.052765, 0.514968, 0.204787
0.370242, 0.050312, 0.500105, 0.197210
0.360524, 0.046348, 0.487492, 0.193146
0.351273, 0.042901, 0.472656, 0.188017
0.341736, 0.038131, 0.454889, 0.180177
0.332611, 0.035183, 0.436684, 0.173438
0.324858, 0.028822, 0.421802, 0.169033
0.313823, 0.027054, 0.386131, 0.150018
0.305950, 0.025590, 0.370245, 0.147160
0.299475, 0.020027, 0.352988, 0.142174
0.291256, 0.019937, 0.316084, 0.126301
0.284517, 0.012521, 0.293029, 0.116901
0.276721, 0.015129, 0.246708, 0.098140
0.270431, 0.012059, 0.215149, 0.086004
0.266072, 0.007967, 0.196051, 0.079801
0.259580, 0.005866, 0.105544, 0.040455
0.256551, 0.003592, 0.109748, 0.044219
0.253390, 0.001132, 0.030505, 0.011759
0.251760, 0.000507, 0.022034, 0.008849
0.250991, -0.000727, -0.027742, -0.011149
0.251206, -0.001214, -0.069762, -0.027987
0.252775, -0.003163, -0.121241, -0.048862
0.256097, -0.003665, -0.177404, -0.070011
0.261173, -0.004566, -0.230407, -0.089542
0.265271, -0.003352, -0.248774, -0.099317
0.272135, -0.005254, -0.299555, -0.118057
0.277628, -0.004123, -0.316081, -0.127852
0.286429, -0.003007, -0.362882, -0.142705
0.295568, -0.002763, -0.392102, -0.154058
0.304089, -0.000489, -0.413031, -0.163031
0.311906, 0.002673, -0.429689, -0.171115
0.320787, 0.002240, -0.450973, -0.181167
0.331446, 0.003192, -0.475468, -0.189462
0.340426, 0.002591, -0.486086, -0.198242
0.350444, 0.009108, -0.504391, -0.202345
0.361466, 0.008523, -0.520826, -0.209633
0.370790, 0.012413, -0.529400, -0.214831
0.379656, 0.015801, -0.538227, -0.220429
0.393752, 0.008449, -0.558711, -0.228617
0.403746, 0.023679, -0.564988, -0.225330
0.412488, 0.021166, -0.568522, -0.234412
0.421153, 0.021615, -0.573386, -0.241427
0.430498, 0.026519, -0.580346, -0.244563
0.443770, 0.034698, -0.594751, -0.240956
0.457741, 0.026625, -0.601514, -0.248189
0.466316, 0.033132, -0.600580, -0.251287
0.470689, 0.046181, -0.598118, -0.253349
0.486194, 0.044396, -0.614059, -0.252080
0.497034, 0.046778, -0.613949, -0.255175
0.507973, 0.049609, -0.617043, -0.256683
0.521241, 0.038734, -0.619109, -0.265938
0.529353, 0.053053, -0.619046, -0.262177
0.545568, 0.046930, -0.626747, -0.261838
0.556114, 0.055558, -0.626102, -0.259336
0.560752, 0.061690, -0.620429, -0.266953
0.576525, 0.050060, -0.625465, -0.270900
0.582353, 0.059278, -0.619467, -0.274994
0.597043, 0.059390, -0.624923, -0.269759
0.608584, 0.061892, -0.623285, -0.269593
0.616615, 0.069816, -0.620898, -0.269534
0.627078, 0.073848, -0.620928, -0.267621
0.637260, 0.075729, -0.618792, -0.268785
0.646697, 0.074498, -0.614789, -0.274353
0.659069, 0.080976, -0.615992, -0.265698
0.665615, 0.086627, -0.610618, -0.270107
0.681476, 0.080299, -0.610824, -0.266284
0.691784, 0.081464, -0.605644, -0.268478
0.702779, 0.081836, -0.602243, -0.268096
0.709575, 0.089961, -0.597945, -0.268336
0.717284, 0.094414, -0.594121, -0.269151
0.731371, 0.081212, -0.587842, -0.276097
0.736974, 0.094358, -0.583675, -0.273452
0.750523, 0.094835, -0.582425, -0.263890
0.754268, 0.103977, -0.575323, -0.269910
0.766390, 0.098872, -0.570719, -0.269631
0.773371, 0.109090, -0.566670, -0.265249
0.785040, 0.106364, -0.561567, -0.263343
0.789476, 0.112488, -0.554028, -0.270113
0.803839, 0.109120, -0.550623, -0.260290
0.808652, 0.112205, -0.541246, -0.270905
0.816918, 0.112727, -0.534905, -0.271968
0.825762, 0.123558, -0.533020, -0.257919
0.833017, 0.127543, -0.526697, -0.257625
0.840088, 0.126337, -0.518017, -0.264428
0.849845, 0.123453, -0.510111, -0.265493
0.856650, 0.130393, -0.504570, -0.261635
0.867633, 0.128416, -0.497800, -0.256558
0.872091, 0.134868, -0.490102, -0.260423
0.882051, 0.138436, -0.485709, -0.248248
0.887911, 0.140371, -0.476752, -0.253502
0.892834, 0.145506, -0.469466, -0.254866
0.900029, 0.146151, -0.461360, -0.255145
0.908601, 0.147069, -0.453949, -0.250761
0.918154, 0.141948, -0.443493, -0.252587
0.924552, 0.146852, -0.436397, -0.249209
0.924273, 0.166175, -0.433545, -0.243553
0.932010, 0.160648, -0.422643, -0.248157
0.940439, 0.160448, -0.414222, -0.243764
0.949726, 0.154652, -0.402840, -0.245150
0.959209, 0.155247, -0.395647, -0.234132
0.960974, 0.163088, -0.386776, -0.240819
0.965861, 0.163027, -0.376383, -0.244872
0.974257, 0.160775, -0.367069, -0.239466
0.978420, 0.174728, -0.364665, -0.223419
0.985361, 0.166235, -0.349985, -0.233669
0.992043, 0.164517, -0.339311, -0.233163
0.994633, 0.174116, -0.332985, -0.229481
1.001611, 0.170668, -0.322053, -0.227497
1.005838, 0.176380, -0.314587, -0.222576
1.008814, 0.183114, -0.307158, -0.219361
1.015812, 0.177458, -0.294688, -0.219423
1.021223, 0.180007, -0.286356, -0.212746
1.024049, 0.181079, -0.274365, -0.219679
1.029224, 0.181083, -0.264621, -0.215301
1.035975, 0.178233, -0.254275, -0.208593
1.035841, 0.186081, -0.244118, -0.216573
1.036473, 0.197474, -0.239204, -0.209645
1.046023, 0.180109, -0.221296, -0.210900
1.046325, 0.189685, -0.212827, -0.213573
1.049526, 0.194463, -0.205835, -0.204643
1.052659, 0.199999, -0.199131, -0.195200
1.056149, 0.189095, -0.178858, -0.212408
1.060880, 0.191923, -0.172338, -0.198813
1.062236, 0.197589, -0.163470, -0.197325
1.065236, 0.197494, -0.152693, -0.194663
1.068456, 0.192904, -0.138286, -0.198200
1.072888, 0.197550, -0.133924, -0.179276
1.070528, 0.203515, -0.120393, -0.194115
1.074258, 0.204174, -0.112868, -0.181192
1.076040, 0.206457, -0.102955, -0.178329
1.078434, 0.204710, -0.091000, -0.176880
1.081164, 0.205073, -0.081625, -0.169562
1.081512, 0.204823, -0.067999, -0.175482
1.081239, 0.211409, -0.059988, -0.171989
1.084546, 0.205364, -0.047190, -0.167482
1.082996, 0.209780, -0.035006, -0.174097
1.084814, 0.208293, -0.024473, -0.168324
1.083586, 0.215550, -0.015980, -0.167072
1.083595, 0.214476, -0.003169, -0.168506
1.084442, 0.212590, 0.008828, -0.166598
1.085624, 0.209035, 0.021423, -0.164597
1.085163, 0.215583, 0.028321, -0.157872
1.084378, 0.216807, 0.039596, -0.157572
1.083685, 0.215980, 0.052049, -0.158234
1.083152, 0.214205, 0.064672, -0.158350
1.086990, 0.214616, 0.067810, -0.134648
1.083875, 0.215434, 0.083122, -0.145643
1.080827, 0.217976, 0.095379, -0.149434
1.081064, 0.208188, 0.110960, -0.149615
1.081463, 0.210350, 0.117843, -0.138922
1.078509, 0.211069, 0.130958, -0.143423
1.077259, 0.218584, 0.135723, -0.132603
1.075206, 0.222878, 0.144045, -0.128223
1.075243, 0.216542, 0.156148, -0.123245
1.072640, 0.211749, 0.171305, -0.128228
1.070292, 0.221004, 0.175864, -0.118980
1.068935, 0.213896, 0.189633, -0.118231
1.064709, 0.210262, 0.205208, -0.125727
1.060513, 0.221580, 0.210633, -0.120576
1.058820, 0.217370, 0.221796, -0.116296
1.054961, 0.218233, 0.233075, -0.117119
1.051915, 0.219887, 0.242110, -0.113026
1.055900, 0.213729, 0.244898, -0.086477
1.046783, 0.223736, 0.258826, -0.103182
1.043018, 0.213693, 0.274291, -0.105352
1.038332, 0.221468, 0.281196, -0.101657
1.036251, 0.213675, 0.292846, -0.097182
1.032508, 0.214201, 0.302207, -0.094240
1.025005, 0.214625, 0.316119, -0.102563
1.018980, 0.215686, 0.326964, -0.103543
1.018962, 0.217698, 0.329640, -0.085418
1.011521, 0.217775, 0.343149, -0.093464
1.009954, 0.205674, 0.354176, -0.086005
1.005388, 0.208930, 0.361818, -0.082158
0.997695, 0.210552, 0.373392, -0.086991
0.995430, 0.211990, 0.378159, -0.074286
0.989845, 0.214610, 0.386531, -0.072529
0.981069, 0.206216, 0.402817, -0.083144
0.978336, 0.205874, 0.408383, -0.071645
0.969514, 0.212967, 0.417483, -0.075588
0.964791, 0.215562, 0.423505, -0.067868
0.957118, 0.208012, 0.436887, -0.073353
0.950992, 0.212160, 0.443379, -0.068503
0.946813, 0.214421, 0.448603, -0.059649
0.941268, 0.211859, 0.457073, -0.056730
0.934521, 0.209517, 0.466271, -0.056084
0.929080, 0.207329, 0.473868, -0.051386
0.922754, 0.208000, 0.480996, -0.047946
0.911071, 0.204090, 0.494150, -0.058786
0.909298, 0.206607, 0.496101, -0.041139
0.896321, 0.209084, 0.507395, -0.053040
0.894834, 0.196971, 0.514269, -0.040099
0.885697, 0.202570, 0.520806, -0.041385
0.881986, 0.198384, 0.526260, -0.031196
0.868827, 0.196039, 0.537856, -0.043618
0.859932, 0.191307, 0.546694, -0.043933
0.856249, 0.193149, 0.549787, -0.031071
0.847028, 0.198657, 0.555018, -0.030457
0.835716, 0.199884, 0.562662, -0.033957
0.832516, 0.187789, 0.569617, -0.024839
0.821106, 0.196140, 0.574361, -0.027095
0.816098, 0.189766, 0.580233, -0.019241
0.805691, 0.188087, 0.587026, -0.022551
0.794693, 0.188490, 0.593306, -0.024219
0.789454, 0.185658, 0.597746, -0.015201
0.776966, 0.184142, 0.604320, -0.021865
0.767565, 0.187686, 0.608321, -0.017640
0.759731, 0.181012, 0.614269, -0.015713
0.745335, 0.187711, 0.617940, -0.020498
0.741192, 0.177618, 0.623891, -0.011544
0.732176, 0.173673, 0.628099, -0.011940
0.725565, 0.173574, 0.630994, -0.004341
0.714107, 0.170627, 0.635161, -0.007983
0.704603, 0.175554, 0.637158, -0.002469
0.695998, 0.180522, 0.638427, 0.004290
0.681552, 0.170618, 0.643866, -0.007031
0.672826, 0.166359, 0.647979, -0.003331
0.669046, 0.164747, 0.650062, 0.009058
0.656756, 0.164062, 0.650854, 0.004882
0.644456, 0.159900, 0.653641, 0.001784
0.637808, 0.153518, 0.657221, 0.007719
0.626659, 0.152636, 0.657326, 0.006662
0.615858, 0.147591, 0.659140, 0.005547
0.603043, 0.154906, 0.657003, 0.007836
0.594703, 0.149446, 0.659428, 0.011471
0.583067, 0.145742, 0.658575, 0.008920
0.573924, 0.143984, 0.658939, 0.012988
0.562021, 0.143736, 0.656400, 0.012425
0.548097, 0.151950, 0.651045, 0.014982
0.543187, 0.138359, 0.656830, 0.019629
0.529918, 0.137886, 0.649830, 0.015317
0.519190, 0.137540, 0.647738, 0.018457
0.506020, 0.128382, 0.643609, 0.010843
0.494004, 0.128186, 0.639091, 0.012076
0.479483, 0.126954, 0.630384, 0.008276
0.473753, 0.123112, 0.633817, 0.017724
0.468045, 0.121472, 0.630656, 0.025374
0.456431, 0.116203, 0.619978, 0.020758
0.446921, 0.113387, 0.615297, 0.023602
0.438439, 0.110390, 0.610029, 0.027037
0.424552, 0.108838, 0.593172, 0.022440
0.411524, 0.105795, 0.581431, 0.020460
0.400975, 0.103265, 0.572802, 0.022355
0.387233, 0.099860, 0.552015, 0.017729
0.379616, 0.093288, 0.550966, 0.020864
0.373327, 0.086859, 0.544781, 0.023371
0.362366, 0.083947, 0.520345, 0.020763
0.354297, 0.080962, 0.511299, 0.024511
0.340034, 0.077689, 0.470391, 0.017645
0.331232, 0.074776, 0.462134, 0.021528
0.324044, 0.069938, 0.448624, 0.023169
0.311527, 0.065220, 0.397566, 0.017189
0.305731, 0.059686, 0.400239, 0.020739
0.297216, 0.054818, 0.360300, 0.018358
0.287519, 0.049478, 0.312463, 0.015580
0.280917, 0.044214, 0.293778, 0.015853
0.274239, 0.037288, 0.253570, 0.013066
0.268150, 0.031479, 0.212691, 0.011636
0.261806, 0.020346, 0.146565, 0.005064
0.257466, 0.016208, 0.111031, 0.005593
0.254153, 0.008495, 0.058598, 0.002888
0.252318, 0.005893, 0.044071, 0.002492
0.251161, 0.000759, 0.005920, 0.000346
0.250827, -0.005533, -0.043985, -0.002553
0.251875, -0.013799, -0.106470, -0.006184
0.254642, -0.022462, -0.168056, -0.009768
0.257699, -0.024491, -0.201390, -0.010654
0.261728, -0.030338, -0.241077, -0.015213
0.267045, -0.035356, -0.283568, -0.018045
0.273040, -0.037148, -0.319302, -0.018334
0.281959, -0.046242, -0.370367, -0.022198
0.288912, -0.044860, -0.388506, -0.023266
0.301480, -0.059332, -0.443992, -0.029090
0.309331, -0.053464, -0.452091, -0.027510
0.317029, -0.051817, -0.470967, -0.027220
0.325771, -0.050982, -0.493070, -0.025703
0.333984, -0.050914, -0.508256, -0.028783
0.345147, -0.055570, -0.533277, -0.031124
0.357874, -0.058352, -0.555282, -0.029948
0.366967, -0.056927, -0.562166, -0.034341
0.380722, -0.063854, -0.584935, -0.036326
0.391455, -0.062582, -0.592887, -0.037940
0.400466, -0.059026, -0.600428, -0.037571
0.409431, -0.058489, -0.608633, -0.041432
0.423060, -0.062131, -0.624390, -0.039726
0.433351, -0.057998, -0.629439, -0.037596
0.445387, -0.060821, -0.638455, -0.040906
0.460716, -0.065326, -0.649339, -0.039190
0.466463, -0.055874, -0.646204, -0.041894
0.482496, -0.064080, -0.659812, -0.040418
0.490696, -0.054427, -0.659475, -0.034655
0.501103, -0.058240, -0.663577, -0.045251
0.515677, -0.060022, -0.670394, -0.038503
0.524976, -0.057683, -0.669942, -0.044790
0.534142, -0.052168, -0.672764, -0.038282
0.547425, -0.057175, -0.676110, -0.043556
0.552867, -0.046452, -0.674689, -0.040920
0.566284, -0.051646, -0.678718, -0.042931
0.579027, -0.053812, -0.678769, -0.047017
0.588264, -0.047346, -0.678839, -0.039189
0.598444, -0.047889, -0.678684, -0.045346
0.604694, -0.039721, -0.678094, -0.042464
0.624852, -0.052686, -0.679614, -0.039199
0.631049, -0.043223, -0.676026, -0.042068
0.644025, -0.047634, -0.675346, -0.045006
0.655429, -0.045332, -0.673669, -0.037465
0.669590, -0.050084, -0.670722, -0.040449
0.678216, -0.045629, -0.667982, -0.041117
0.688952, -0.045097, -0.665720, -0.038127
0.697143, -0.040232, -0.663520, -0.034011
0.706825, -0.040505, -0.660240, -0.041988
0.718337, -0.042873, -0.655856, -0.049572
0.725893, -0.036492, -0.653600, -0.041226
0.734419, -0.033464, -0.650790, -0.037644
0.744294, -0.031730, -0.647358, -0.029531
0.759459, -0.038773, -0.640640, -0.028437
0.766179, -0.032791, -0.636764, -0.036260
0.777184, -0.034057, -0.631795, -0.029790
0.784616, -0.029979, -0.627665, -0.034309
0.797462, -0.034523, -0.620666, -0.031579
0.801760, -0.024786, -0.618535, -0.027166
0.807893, -0.020176, -0.615241, -0.024650
0.822382, -0.028373, -0.605972, -0.025902
0.831927, -0.027033, -0.599408, -0.030571
0.841895, -0.027613, -0.592209, -0.035210
0.846657, -0.019977, -0.589355, -0.031051
0.860040, -0.027311, -0.578853, -0.033359
0.865032, -0.019469, -0.575541, -0.031506
0.875992, -0.023305, -0.566465, -0.031034
0.882402, -0.018952, -0.561836, -0.022127
0.891521, -0.019966, -0.553844, -0.021700
0.900890, -0.021438, -0.545535, -0.016313
0.906107, -0.015079, -0.541021, -0.019593
0.912657, -0.012447, -0.534792, -0.019679
0.926003, -0.021539, -0.520725, -0.020735
0.928911, -0.011417, -0.518997, -0.015427
0.941481, -0.020037, -0.504371, -0.020999
0.946393, -0.014675, -0.500076, -0.012103
0.950201, -0.006448, -0.495759, -0.021180
0.956972, -0.005645, -0.487697, -0.020345
0.963186, -0.004277, -0.480595, -0.013856
0.970100, -0.002924, -0.471942, -0.016732
0.975009, 0.000417, -0.466173, -0.010016
0.988803, -0.012323, -0.446455, -0.015063
0.993313, -0.006527, -0.441712, -0.010255
1.001580, -0.011114, -0.429306, -0.006982
1.005305, -0.006036, -0.424640, -0.000563
1.008601, 0.001862, -0.419749, -0.005873
1.016766, -0.003542, -0.406276, -0.003327
1.022317, -0.001364, -0.397745, -0.003267
1.027575, 0.000552, -0.389010, -0.003331
1.035072, -0.003543, -0.375521, -0.002754
1.037614, 0.002357, -0.371919, 0.004804
1.046104, -0.002773, -0.354856, -0.003352
1.048172, 0.001864, -0.352119, 0.010167
1.053711, 0.004815, -0.340442, -0.000911
1.055345, 0.012228, -0.337786, 0.004980
1.065371, -0.003869, -0.314341, 0.007155
1.068301, 0.005390, -0.309589, 0.003517
1.073859, -0.000584, -0.295698, 0.009223
1.074759, 0.011200, -0.294616, 0.009389
1.081304, 0.003787, -0.276644, 0.008087
1.085044, 0.005426, -0.267439, 0.009886
1.086278, 0.010618, -0.264247, 0.018493
1.091790, 0.002161, -0.246954, 0.021120
1.096248, 0.004319, -0.234103, 0.014023
1.095590, 0.013517, -0.236605, 0.027238
1.102216, 0.005282, -0.213095, 0.016566
1.106343, -0.002204, -0.198489, 0.023449
1.106811, 0.009480, -0.197914, 0.025583
1.111085, 0.004811, -0.179684, 0.020632
1.109912, 0.013385, -0.184206, 0.037587
1.112541, 0.011692, -0.171143, 0.037385
1.117573, 0.004247, -0.147902, 0.027901
1.118749, 0.007276, -0.142568, 0.034792
1.121266, 0.007938, -0.128457, 0.029859
1.122468, 0.009568, -0.120704, 0.034458
1.125084, 0.003642, -0.102363, 0.032085
1.123923, 0.010847, -0.107145, 0.049467
1.126016, 0.011592, -0.091160, 0.041577
1.128017, 0.007782, -0.074232, 0.038757
1.129391, 0.006043, -0.060010, 0.037555
1.129287, 0.005836, -0.055435, 0.048865
1.129317, 0.008818, -0.049373, 0.053925
1.129576, 0.010140, -0.040552, 0.056808
1.129781, 0.010133, -0.030920, 0.060043
1.131017, 0.017435, -0.014314, 0.044943
1.131226, 0.008258, 0.002769, 0.048213
1.130730, 0.004961, 0.011451, 0.056199
1.130814, 0.014394, 0.021297, 0.049096
1.129896, 0.004608, 0.032491, 0.060210
1.129318, 0.002657, 0.049299, 0.055684
1.129029, 0.014651, 0.055598, 0.051272
1.127836, 0.009426, 0.061310, 0.064201
1.126908, 0.012843, 0.067272, 0.068362
1.125033, 0.001438, 0.093648, 0.060737
1.124024, 0.007599, 0.099006, 0.063236
1.122044, 0.002595, 0.114630, 0.062941
1.120620, 0.004268, 0.119890, 0.069343
1.118787, 0.006947, 0.133621, 0.064769
1.116037, -0.000789, 0.147895, 0.067933
1.114883, 0.003806, 0.147792, 0.078082
1.111978, -0.000831, 0.164020, 0.076187
1.110013, 0.004106, 0.172323, 0.076197
1.107083, -0.000456, 0.183873, 0.079482
1.104415, 0.004045, 0.195829, 0.075701
1.101303, 0.000717, 0.206403, 0.078981
1.097445, -0.000382, 0.221313, 0.075783
1.095015, -0.002550, 0.225389, 0.085244
1.091631, -0.003315, 0.236256, 0.086066
1.088925, -0.003110, 0.242274, 0.091571
1.081379, -0.013580, 0.268692, 0.080790
1.080999, -0.002431, 0.264416, 0.091194
1.076684, -0.004886, 0.277397, 0.090282
1.074928, 0.003297, 0.279633, 0.094910
1.067422, -0.006477, 0.301668, 0.088266
1.062604, -0.002318, 0.312703, 0.085963
1.058381, -0.007757, 0.319974, 0.092391
1.053296, -0.006411, 0.331495, 0.090706
1.047419, -0.016111, 0.342090, 0.095141
1.040906, -0.010356, 0.357036, 0.087629
1.038704, -0.016846, 0.356018, 0.102729
1.032735, -0.013802, 0.369231, 0.097924
1.026834, -0.016950, 0.379093, 0.099467
1.021082, -0.026671, 0.386584, 0.105953
1.016384, -0.014886, 0.395842, 0.102012
1.009925, -0.021040, 0.405601, 0.104214
1.003898, -0.021100, 0.414642, 0.104885
0.997668, -0.021080, 0.423876, 0.105168
0.993257, -0.014750, 0.429844, 0.106863
0.983010, -0.026012, 0.445106, 0.103647
0.976748, -0.024901, 0.452582, 0.105458
0.972673, -0.027262, 0.455763, 0.112661
0.968758, -0.016792, 0.461025, 0.113611
0.962160, -0.030314, 0.467276, 0.119947
0.950150, -0.025933, 0.485154, 0.108239
0.941072, -0.026433, 0.495420, 0.106723
0.938148, -0.028820, 0.495697, 0.116894
0.928146, -0.030538, 0.507965, 0.112013
0.921806, -0.031313, 0.513392, 0.115585
0.912248, -0.033709, 0.523472, 0.113186
0.905904, -0.040264, 0.527697, 0.118735
0.894489, -0.035236, 0.540425, 0.111259
0.891688, -0.041878, 0.539502, 0.123208
0.885315, -0.039887, 0.545133, 0.124416
0.874806, -0.040671, 0.554895, 0.120782
0.868085, -0.038070, 0.559852, 0.123516
0.859155, -0.047166, 0.565905, 0.124931
0.849729, -0.045496, 0.573449, 0.123513
0.842800, -0.041886, 0.578256, 0.125767
0.833785, -0.044384, 0.584363, 0.125751
0.822853, -0.052868, 0.591131, 0.124679
0.810683, -0.046775, 0.600235, 0.119779
0.804313, -0.043514, 0.603607, 0.124126
0.798852, -0.052256, 0.604878, 0.130145
0.782834, -0.046038, 0.615819, 0.119473
0.776760, -0.053393, 0.617529, 0.126571
0.770176, -0.059234, 0.619467, 0.130429
0.761141, -0.062036, 0.623273, 0.130726
0.746902, -0.055524, 0.631067, 0.124002
0.737628, -0.066058, 0.633805, 0.126555
0.729729, -0.060222, 0.637185, 0.128517
0.720401, -0.063527, 0.639983, 0.128923
0.710978, -0.067590, 0.642569, 0.129580
0.699873, -0.070536, 0.645691, 0.128061
0.693212, -0.069104, 0.647499, 0.132482
0.680110, -0.061147, 0.651439, 0.127847
0.668099, -0.074900, 0.653064, 0.126117
0.657829, -0.073903, 0.655306, 0.126432
0.649281, -0.078590, 0.656088, 0.128270
0.638313, -0.077430, 0.657319, 0.126808
0.629323, -0.077503, 0.658316, 0.128442
0.617011, -0.076563, 0.658828, 0.125534
0.603787, -0.074796, 0.659490, 0.122623
0.595482, -0.081003, 0.659634, 0.125209
0.586339, -0.082455, 0.658681, 0.125698
0.572548, -0.080617, 0.656878, 0.121085
0.559829, -0.080462, 0.655845, 0.119062
0.556277, -0.091468, 0.656154, 0.126407
0.541691, -0.084259, 0.650747, 0.119511
0.526985, -0.075428, 0.648171, 0.116816
0.517971, -0.086298, 0.646681, 0.117510
0.504830, -0.076074, 0.641238, 0.115128
0.497962, -0.086915, 0.640189, 0.117671
0.487656, -0.084239, 0.633961, 0.116231
0.475638, -0.088212, 0.626609, 0.112193
0.465848, -0.097738, 0.621294, 0.110264
0.457190, -0.095334, 0.616670, 0.111650
0.447637, -0.096423, 0.609228, 0.110261
0.428516, -0.085396, 0.587791, 0.098787
0.421476, -0.090505, 0.591433, 0.104714
0.409894, -0.085177, 0.576282, 0.100699
0.398328, -0.086894, 0.563371, 0.096506
0.382060, -0.078714, 0.537741, 0.087685
0.380492, -0.083787, 0.553415, 0.100992
0.371008, -0.081593, 0.529433, 0.094035
0.359756, -0.073327, 0.509206, 0.091060
0.350174, -0.079273, 0.494085, 0.086124
0.341000, -0.081627, 0.476160, 0.081521
0.328741, -0.072019, 0.442312, 0.074279
0.317904, -0.069551, 0.416777, 0.068727
0.311284, -0.068807, 0.408637, 0.070340
0.299370, -0.061052, 0.351184, 0.055373
0.291774, -0.055762, 0.336640, 0.056464
0.286661, -0.059911, 0.323735, 0.053876
0.281263, -0.052538, 0.296623, 0.051434
0.273305, -0.039682, 0.234971, 0.039907
0.269759, -0.046111, 0.238729, 0.040974
0.263291, -0.029456, 0.159811, 0.026343
0.257544, -0.016306, 0.084851, 0.012852
0.254318, -0.012539, 0.065140, 0.010402
0.252338, -0.007569, 0.037390, 0.005986
0.251179, 0.001945, -0.009822, -0.001605
0.251691, 0.018129, -0.090616, -0.013882
0.253047, 0.026013, -0.127472, -0.019670
0.255618, 0.034219, -0.172705, -0.027496
0.259796, 0.043542, -0.223191, -0.035749
0.266265, 0.056602, -0.280026, -0.042190
0.270660, 0.061158, -0.291440, -0.045195
0.276834, 0.070204, -0.329468, -0.050444
0.283323, 0.078227, -0.356725, -0.054129
0.290423, 0.086209, -0.383808, -0.057666
0.299795, 0.089589, -0.420078, -0.065988
0.306146, 0.096168, -0.427578, -0.067105
0.316457, 0.101249, -0.463180, -0.073418
0.324549, 0.106913, -0.474597, -0.075549
0.339468, 0.115016, -0.516312, -0.077589
0.343909, 0.119417, -0.502599, -0.078415
0.351634, 0.130744, -0.519899, -0.076076
0.362581, 0.132968, -0.540942, -0.081147
0.377159, 0.138009, -0.564198, -0.081757
0.387816, 0.142411, -0.570127, -0.082578
0.397060, 0.147404, -0.577041, -0.083395
0.413841, 0.147386, -0.600778, -0.086454
0.418469, 0.154999, -0.590352, -0.085614
0.426344, 0.156534, -0.599157, -0.090616
0.433656, 0.167867, -0.602159, -0.084601
0.453419, 0.166122, -0.625870, -0.086167
0.464667, 0.173713, -0.624111, -0.081223
0.481944, 0.171781, -0.636760, -0.082799
0.488875, 0.175755, -0.631618, -0.085289
0.498807, 0.179967, -0.636290, -0.084401
0.511839, 0.179896, -0.642059, -0.086398
0.518355, 0.187726, -0.638612, -0.083607
0.533519, 0.188501, -0.646587, -0.081619
0.541165, 0.190470, -0.643464, -0.085962
0.555892, 0.190586, -0.648843, -0.084859
0.568942, 0.195752, -0.648720, -0.078072
0.568575, 0.202264, -0.640803, -0.084226
0.581981, 0.207647, -0.646178, -0.074805
0.593361, 0.209084, -0.645143, -0.074921
0.598213, 0.213380, -0.641221, -0.078189
0.606815, 0.214893, -0.641343, -0.080595
0.619776, 0.216233, -0.641570, -0.077896
0.635823, 0.216293, -0.640976, -0.073020
0.637771, 0.222767, -0.634570, -0.077096
0.654310, 0.219581, -0.636419, -0.075597
0.667360, 0.218646, -0.633015, -0.076856
0.677256, 0.224072, -0.628908, -0.069577
0.679400, 0.231230, -0.624183, -0.071098
0.690294, 0.231794, -0.622563, -0.069921
0.703406, 0.232198, -0.618955, -0.066079
0.713063, 0.233053, -0.614529, -0.067929
0.715518, 0.243500, -0.609367, -0.060622
0.733920, 0.234138, -0.606944, -0.066474
0.739948, 0.240888, -0.600805, -0.062036
0.748900, 0.243550, -0.596290, -0.058290
0.758754, 0.245753, -0.591067, -0.053770
0.766426, 0.247503, -0.586021, -0.055774
0.777511, 0.249223, -0.580162, -0.048002
0.790911, 0.247086, -0.573568, -0.045251
0.799744, 0.245737, -0.567688, -0.054172
0.804043, 0.251339, -0.562438, -0.052718
0.809666, 0.257976, -0.556716, -0.041459
0.821792, 0.252332, -0.550211, -0.051898
0.827552, 0.259006, -0.543737, -0.041142
0.839024, 0.255805, -0.536407, -0.044191
0.846106, 0.259566, -0.529479, -0.037923
0.848860, 0.266511, -0.524111, -0.033409
0.863656, 0.260567, -0.514605, -0.030496
0.871202, 0.262716, -0.507063, -0.028378
0.869705, 0.272744, -0.503358, -0.028142
0.880897, 0.268389, -0.494691, -0.031676
0.885936, 0.272615, -0.487934, -0.028178
0.889471, 0.278782, -0.481500, -0.017155
0.894536, 0.280919, -0.474919, -0.019783
0.905043, 0.278963, -0.464882, -0.012228
0.920968, 0.270444, -0.451646, -0.009944
0.925770, 0.273869, -0.444679, -0.013873
0.933704, 0.273459, -0.435120, -0.007414
0.939899, 0.274002, -0.426907, -0.014261
0.939867, 0.282483, -0.422194, -0.006826
0.951317, 0.276417, -0.409675, -0.007403
0.951843, 0.284369, -0.404775, -0.003283
0.956505, 0.286493, -0.396045, 0.010166
0.963606, 0.285273, -0.386257, 0.005364
0.971092, 0.283901, -0.375655, 0.008322
0.974134, 0.287734, -0.368540, 0.006981
0.981282, 0.285895, -0.357538, 0.008817
0.985804, 0.287581, -0.348709, 0.012894
0.994603, 0.283201, -0.335720, 0.014981
0.995068, 0.290062, -0.330419, 0.016298
1.000833, 0.288866, -0.319473, 0.015035
1.010792, 0.281906, -0.304343, 0.021249
1.008714, 0.292479, -0.301543, 0.017637
1.014117, 0.289601, -0.289673, 0.033193
1.018882, 0.289703, -0.279231, 0.030074
1.014902, 0.301570, -0.277947, 0.030491
1.020566, 0.298028, -0.265105, 0.037202
1.031161, 0.288426, -0.247212, 0.038857
1.030142, 0.296218, -0.243105, 0.044660
1.030739, 0.300445, -0.235805, 0.044104
1.039705, 0.291578, -0.218045, 0.044907
1.039367, 0.296397, -0.212601, 0.058040
1.044991, 0.292706, -0.198348, 0.053676
1.045047, 0.298687, -0.191968, 0.051022
1.046568, 0.299573, -0.182659, 0.057131
1.053601, 0.291504, -0.165402, 0.059248
1.052606, 0.299375, -0.160327, 0.056061
1.059121, 0.290007, -0.142535, 0.061803
1.059268, 0.296445, -0.135107, 0.053995
1.056285, 0.301704, -0.132180, 0.072100
1.059415, 0.297756, -0.118385, 0.075471
1.068831, 0.284069, -0.094099, 0.067194
1.065724, 0.295415, -0.092533, 0.068437
1.066782, 0.295659, -0.080770, 0.066381
1.063453, 0.299260, -0.078679, 0.089443
1.066134, 0.293601, -0.063718, 0.093462
1.069421, 0.292863, -0.047750, 0.078657
1.071678, 0.290265, -0.033550, 0.076241
1.065402, 0.301793, -0.037790, 0.094741
1.068923, 0.293948, -0.018243, 0.090376
1.067511, 0.296928, -0.011766, 0.097017
1.067044, 0.295224, -0.001803, 0.105177
1.067375, 0.294985, 0.010558, 0.102453
1.070166, 0.286809, 0.029168, 0.100738
1.066701, 0.295351, 0.031796, 0.104657
1.068784, 0.288221, 0.051620, 0.098003
1.065105, 0.295781, 0.053654, 0.105437
1.064144, 0.290682, 0.064447, 0.117241
1.063187, 0.290453, 0.076021, 0.116607
1.061758, 0.292731, 0.087352, 0.111791
1.059487, 0.289818, 0.094011, 0.127658
1.057508, 0.291061, 0.104031, 0.127668
1.057923, 0.282910, 0.122375, 0.125975
1.054141, 0.286806, 0.124797, 0.137683
1.052724, 0.286356, 0.139901, 0.129630
1.051077, 0.284268, 0.153188, 0.128078
1.048455, 0.282932, 0.161818, 0.134868
1.044856, 0.284771, 0.167274, 0.142847
1.041951, 0.284876, 0.177650, 0.143526
1.038720, 0.283560, 0.185195, 0.151701
1.036892, 0.280472, 0.204451, 0.139643
1.032593, 0.285360, 0.207576, 0.146767
1.029968, 0.275054, 0.218316, 0.161189
1.026886, 0.275571, 0.233100, 0.152161
1.023072, 0.276846, 0.244017, 0.149462
1.018342, 0.277787, 0.242073, 0.170385
1.014693, 0.277005, 0.257883, 0.161607
1.010918, 0.273484, 0.268620, 0.165076
1.007827, 0.261377, 0.284763, 0.169214
1.002560, 0.270662, 0.289781, 0.166513
0.997383, 0.272610, 0.304698, 0.155702
0.993595, 0.263382, 0.310861, 0.172939
0.988267, 0.263667, 0.328462, 0.158777
0.983592, 0.261709, 0.332310, 0.171127
0.978835, 0.259638, 0.336406, 0.182596
0.973766, 0.256801, 0.345782, 0.185637
0.968309, 0.258206, 0.352499, 0.188391
0.962235, 0.257101, 0.367436, 0.180013
0.956276, 0.261263, 0.372161, 0.183166
0.951405, 0.247392, 0.384321, 0.191847
0.944714, 0.255193, 0.391655, 0.186570
0.938804, 0.251935, 0.399810, 0.190847
0.933220, 0.244701, 0.408405, 0.197703
0.926859, 0.245439, 0.415801, 0.198675
0.920183, 0.254599, 0.417937, 0.200338
0.914539, 0.239237, 0.429628, 0.208742
0.907576, 0.244393, 0.435807, 0.207086
0.900166, 0.233375, 0.451546, 0.203926
0.894319, 0.235311, 0.451795, 0.214702
0.885245, 0.242374, 0.463676, 0.201669
0.878916, 0.231243, 0.471613, 0.210579
0.870678, 0.233570, 0.480525, 0.205866
0.865096, 0.231913, 0.480605, 0.219144
0.855672, 0.223812, 0.497466, 0.208661
0.848617, 0.220424, 0.502122, 0.215365
0.842612, 0.224910, 0.500797, 0.225225
0.834222, 0.217110, 0.511931, 0.222961
0.825017, 0.222103, 0.518739, 0.218473
0.815966, 0.216319, 0.528464, 0.216707
0.807333, 0.212847, 0.535652, 0.217146
0.800547, 0.208045, 0.538564, 0.225742
0.792358, 0.210900, 0.542270, 0.226571
0.783862, 0.204554, 0.549235, 0.228001
0.777009, 0.207174, 0.549074, 0.235782
0.765284, 0.201560, 0.561966, 0.224281
0.756322, 0.197592, 0.567089, 0.227008
0.747815, 0.198023, 0.570049, 0.229619
0.737028, 0.193076, 0.578505, 0.224151
0.730191, 0.192837, 0.577962, 0.234203
0.723262, 0.191783, 0.578242, 0.241188
0.711899, 0.183145, 0.587707, 0.233665
0.703783, 0.183826, 0.588313, 0.239718
0.693058, 0.187278, 0.591872, 0.235426
0.682394, 0.176728, 0.598902, 0.233237
0.672781, 0.172157, 0.602275, 0.234498
0.664617, 0.170803, 0.602709, 0.239626
0.653337, 0.171438, 0.605936, 0.234469
0.642817, 0.169170, 0.608568, 0.233755
0.631966, 0.171863, 0.609580, 0.232067
0.621532, 0.159919, 0.614146, 0.230934
0.613576, 0.165129, 0.611261, 0.237742
0.601304, 0.152489, 0.616420, 0.229497
0.593754, 0.156091, 0.613459, 0.238556
0.584697, 0.151473, 0.613214, 0.239550
0.572595, 0.143743, 0.615295, 0.232866
0.562118, 0.146917, 0.613376, 0.233706
0.554545, 0.137555, 0.613032, 0.240030
0.543328, 0.134415, 0.611616, 0.234929
0.532930, 0.131918, 0.609902, 0.234621
0.521878, 0.130104, 0.607458, 0.231984
0.512171, 0.127849, 0.604643, 0.233283
0.497263, 0.125311, 0.600652, 0.219544
0.490601, 0.125493, 0.597992, 0.232148
0.480609, 0.115636, 0.594135, 0.227669
0.467443, 0.112496, 0.587906, 0.218069
0.459264, 0.108438, 0.584797, 0.224192
0.447471, 0.108892, 0.575531, 0.216914
0.437818, 0.106236, 0.569631, 0.217704
0.428516, 0.095383, 0.564264, 0.215580
0.414282, 0.096726, 0.549214, 0.201448
0.404274, 0.094111, 0.542586, 0.202761
0.389617, 0.093333, 0.523212, 0.186520
0.383128, 0.085829, 0.523220, 0.196682
0.374500, 0.075741, 0.510798, 0.190559
0.364328, 0.076073, 0.493405, 0.184088
0.353888, 0.073056, 0.476196, 0.176935
0.344220, 0.068927, 0.459984, 0.171413
0.335368, 0.062426, 0.444109, 0.165953
0.324617, 0.065070, 0.414534, 0.154533
0.315712, 0.054887, 0.397202, 0.146901
0.306151, 0.049800, 0.367605, 0.134012
0.300200, 0.045182, 0.358037, 0.135773
0.290900, 0.039767, 0.312162, 0.114087
0.285176, 0.036176, 0.300684, 0.114539
0.277961, 0.031052, 0.257846, 0.096649
0.270913, 0.023947, 0.214962, 0.078705
0.266670, 0.020138, 0.202651, 0.077203
0.261865, 0.016869, 0.154797, 0.059118
0.257288, 0.010005, 0.098042, 0.036272
0.254373, 0.006848, 0.071708, 0.027236
0.252197, -0.001300, -0.011610, -0.004251
0.251210, -0.002643, -0.028124, -0.010596
0.251482, -0.007605, -0.077726, -0.029414
0.252585, -0.010259, -0.112179, -0.043019
0.254840, -0.011751, -0.155115, -0.058548
0.258873, -0.018505, -0.206445, -0.078729
0.263263, -0.018714, -0.239230, -0.091254
0.269853, -0.023058, -0.288456, -0.108540
0.277160, -0.027036, -0.323755, -0.122835
0.282737, -0.022041, -0.338350, -0.129763
0.290519, -0.021720, -0.374025, -0.141161
0.300365, -0.028035, -0.408354, -0.154907
0.312178, -0.031328, -0.442935, -0.164844
0.317050, -0.019744, -0.435841, -0.168002
0.328141, -0.026396, -0.472652, -0.179692
0.336616, -0.024346, -0.481442, -0.187088
0.346115, -0.023818, -0.498548, -0.194416
0.355271, -0.020562, -0.511373, -0.200106
0.368800, -0.022428, -0.536921, -0.204522
0.376539, -0.018326, -0.536008, -0.211485
0.388592, -0.019055, -0.555242, -0.215715
0.397245, -0.016648, -0.557946, -0.222435
0.410535, -0.018894, -0.575331, -0.225730
0.422571, -0.013096, -0.584784, -0.225390
0.432702, -0.012816, -0.588631, -0.231431
0.441368, -0.006174, -0.592728, -0.234115
0.454631, -0.007407, -0.604846, -0.235248
0.469680, -0.006776, -0.615442, -0.232636
0.477088, -0.005176, -0.609711, -0.242905
0.487175, 0.003723, -0.617406, -0.239844
0.498800, -0.001856, -0.620233, -0.246881
0.508825, -0.001394, -0.620658, -0.252133
0.517278, 0.005536, -0.621664, -0.253897
0.527368, 0.007219, -0.624072, -0.256691
0.540685, 0.008016, -0.629319, -0.254537
0.556943, 0.002032, -0.633501, -0.253278
0.565334, 0.007207, -0.628993, -0.258600
0.576308, 0.010241, -0.631228, -0.257497
0.585671, 0.015309, -0.630486, -0.258540
0.595291, 0.018969, -0.630086, -0.259661
0.607101, 0.018425, -0.630230, -0.260136
0.614443, 0.026008, -0.627098, -0.262784
0.625154, 0.026927, -0.626941, -0.263055
0.635231, 0.029097, -0.624846, -0.264446
0.642391, 0.037849, -0.622377, -0.264983
0.659034, 0.026039, -0.622179, -0.264460
0.670530, 0.027974, -0.618461, -0.264211
0.678782, 0.031310, -0.613777, -0.268324
0.685020, 0.045545, -0.612967, -0.263323
0.693335, 0.049096, -0.610063, -0.264475
0.707094, 0.043371, -0.607261, -0.263187
0.718223, 0.039669, -0.600771, -0.268211
0.727509, 0.040242, -0.595134, -0.271792
0.737899, 0.042469, -0.591772, -0.269221
0.743516, 0.054806, -0.588585, -0.267280
0.755831, 0.049752, -0.584062, -0.266497
0.764849, 0.055427, -0.579940, -0.263584
0.775078, 0.055067, -0.574593, -0.263318
0.785293, 0.061159, -0.572103, -0.254393
0.789357, 0.066672, -0.563874, -0.264995
0.800300, 0.060925, -0.557016, -0.267031
0.807725, 0.066965, -0.551684, -0.266210
0.817149, 0.068826, -0.546563, -0.263023
0.825648, 0.068302, -0.538658, -0.266771
0.832361, 0.078514, -0.535529, -0.260037
0.839209, 0.084195, -0.530253, -0.258261
0.848794, 0.080825, -0.522002, -0.260439
0.862236, 0.071205, -0.512714, -0.258864
0.866588, 0.083520, -0.507593, -0.258078
0.877780, 0.077589, -0.499411, -0.255482
0.883839, 0.086055, -0.493980, -0.252454
0.888289, 0.090979, -0.485838, -0.258149
0.895719, 0.094384, -0.479846, -0.253799
0.905620, 0.089684, -0.470227, -0.253729
0.912938, 0.093675, -0.463405, -0.250373
0.921581, 0.087574, -0.451391, -0.256267
0.927774, 0.093967, -0.445382, -0.251991
0.933303, 0.102824, -0.440950, -0.244504
0.935840, 0.110384, -0.432660, -0.250796
0.946362, 0.106559, -0.425100, -0.240633
0.954704, 0.104522, -0.415088, -0.239818
0.959166, 0.109577, -0.406402, -0.242553
0.965372, 0.109040, -0.396227, -0.244443
0.969059, 0.122191, -0.393450, -0.234203
0.977043, 0.113370, -0.379113, -0.240981
0.984098, 0.112354, -0.369028, -0.239669
0.990171, 0.113852, -0.359997, -0.237449
0.994514, 0.121443, -0.353993, -0.231801
1.000472, 0.116846, -0.340436, -0.237932
1.003995, 0.127481, -0.336152, -0.229755
1.010858, 0.119785, -0.321493, -0.234877
1.017262, 0.124485, -0.316339, -0.221615
1.022034, 0.121998, -0.302830, -0.228258
1.024947, 0.129996, -0.296070, -0.224896
1.030838, 0.122544, -0.280797, -0.230346
1.032889, 0.133004, -0.274883, -0.226933
1.039258, 0.128912, -0.263843, -0.222122
1.043519, 0.134536, -0.257390, -0.213917
1.047367, 0.134685, -0.245967, -0.215137
