0.050021, -0.049724, 0.024695, 0.997204, 0.000000, 0.000000, 0.000000
0.099620, -0.093196, 0.050513, 0.989363, 0.000000, 0.000000, 0.000000
0.148113, -0.130189, 0.078122, 0.977246, 0.000000, 0.000000, 0.000000
0.196306, -0.166744, 0.105317, 0.960505, 0.000000, 0.000000, 0.000000
0.243346, -0.202342, 0.131728, 0.939409, 0.000000, 0.000000, 0.000000
0.289108, -0.237054, 0.157588, 0.913995, 0.000000, 0.000000, 0.000000
0.333691, -0.270440, 0.182724, 0.884378, 0.000000, 0.000000, 0.000000
0.376409, -0.302763, 0.206998, 0.850766, 0.000000, 0.000000, 0.000000
0.417582, -0.333580, 0.230294, 0.813212, 0.000000, 0.000000, 0.000000
0.059367, 0.024109, 0.039656, 0.997157, 0.120541, -0.114456, 0.062054
0.108297, -0.010444, 0.061437, 0.992163, 0.120541, -0.114456, 0.062054
0.156557, -0.045224, 0.083246, 0.983115, 0.120541, -0.114456, 0.062054
0.204267, -0.079540, 0.104750, 0.970039, 0.120541, -0.114456, 0.062054
0.250881, -0.113440, 0.125622, 0.953105, 0.120541, -0.114456, 0.062054
0.296697, -0.146782, 0.145944, 0.932269, 0.120541, -0.114456, 0.062054
0.341225, -0.179647, 0.165813, 0.907634, 0.120541, -0.114456, 0.062054
0.384478, -0.211554, 0.184909, 0.879335, 0.120541, -0.114456, 0.062054
0.426099, -0.242872, 0.203078, 0.847474, 0.120541, -0.114456, 0.062054
0.465886, -0.272940, 0.220592, 0.812277, 0.120541, -0.114456, 0.062054
0.072457, 0.106615, 0.059782, 0.989853, 2.233195, -2.204700, 1.159822
0.069599, 0.123876, 0.060251, 0.988018, 2.233195, -2.204700, 1.159822
0.066944, 0.141305, 0.060618, 0.985838, 2.233195, -2.204700, 1.159822
0.063918, 0.158397, 0.060846, 0.983424, 2.233195, -2.204700, 1.159822
0.061353, 0.175469, 0.061198, 0.980664, 2.233195, -2.204700, 1.159822
0.058385, 0.192663, 0.061407, 0.977600, 2.233195, -2.204700, 1.159822
0.055272, 0.209496, 0.061757, 0.974291, 2.233195, -2.204700, 1.159822
0.052279, 0.226415, 0.062173, 0.970638, 2.233195, -2.204700, 1.159822
0.049302, 0.243314, 0.062574, 0.966671, 2.233195, -2.204700, 1.159822
0.046122, 0.260193, 0.062896, 0.962402, 2.233195, -2.204700, 1.159822
-0.003169, 0.269704, 0.033725, 0.962347, 2.364605, -2.183214, 1.274865
-0.013936, 0.292212, 0.029154, 0.955807, 2.364605, -2.183214, 1.274865
-0.024291, 0.314441, 0.024360, 0.948654, 2.364605, -2.183214, 1.274865
-0.034995, 0.336296, 0.019579, 0.940902, 2.364605, -2.183214, 1.274865
-0.045929, 0.358240, 0.014786, 0.932382, 2.364605, -2.183214, 1.274865
-0.056581, 0.379784, 0.010041, 0.923288, 2.364605, -2.183214, 1.274865
-0.067284, 0.401189, 0.005360, 0.913505, 2.364605, -2.183214, 1.274865
-0.077848, 0.422215, 0.000232, 0.903147, 2.364605, -2.183214, 1.274865
-0.088616, 0.443132, -0.004659, 0.892054, 2.364605, -2.183214, 1.274865
-0.099012, 0.463630, -0.009358, 0.880430, 2.364605, -2.183214, 1.274865
-0.022247, 0.378434, 0.034140, 0.924731, 2.129990, -1.787592, 1.057387
-0.027131, 0.394625, 0.032295, 0.917874, 2.129990, -1.787592, 1.057387
-0.032564, 0.410511, 0.030443, 0.910765, 2.129990, -1.787592, 1.057387
-0.037718, 0.426293, 0.028574, 0.903347, 2.129990, -1.787592, 1.057387
-0.043323, 0.441903, 0.026684, 0.895619, 2.129990, -1.787592, 1.057387
-0.048829, 0.457466, 0.024871, 0.887537, 2.129990, -1.787592, 1.057387
-0.054112, 0.472679, 0.023056, 0.879269, 2.129990, -1.787592, 1.057387
-0.059438, 0.487841, 0.021080, 0.870652, 2.129990, -1.787592, 1.057387
-0.064853, 0.502676, 0.019104, 0.861827, 2.129990, -1.787592, 1.057387
-0.070390, 0.517416, 0.017052, 0.852663, 2.129990, -1.787592, 1.057387
-0.033725, 0.457417, 0.055833, 0.886857, 2.053560, -1.501343, 0.890884
-0.036013, 0.468340, 0.057376, 0.880948, 2.053560, -1.501343, 0.890884
-0.038479, 0.479289, 0.058962, 0.874828, 2.053560, -1.501343, 0.890884
-0.040964, 0.490193, 0.060513, 0.868545, 2.053560, -1.501343, 0.890884
-0.043480, 0.500833, 0.061977, 0.862226, 2.053560, -1.501343, 0.890884
-0.045937, 0.511702, 0.063710, 0.855565, 2.053560, -1.501343, 0.890884
-0.048392, 0.522076, 0.065083, 0.849034, 2.053560, -1.501343, 0.890884
-0.050963, 0.532574, 0.066406, 0.842234, 2.053560, -1.501343, 0.890884
-0.053649, 0.542741, 0.068042, 0.835419, 2.053560, -1.501343, 0.890884
-0.056115, 0.553036, 0.069411, 0.828362, 2.053560, -1.501343, 0.890884
-0.040336, 0.534739, 0.071482, 0.841022, 2.004504, -1.385957, 0.869705
-0.041682, 0.544264, 0.073377, 0.834658, 2.004504, -1.385957, 0.869705
-0.042814, 0.553743, 0.075377, 0.828163, 2.004504, -1.385957, 0.869705
-0.044079, 0.563207, 0.077367, 0.821504, 2.004504, -1.385957, 0.869705
-0.045304, 0.572447, 0.079179, 0.814851, 2.004504, -1.385957, 0.869705
-0.046554, 0.581629, 0.081012, 0.808070, 2.004504, -1.385957, 0.869705
-0.047694, 0.590895, 0.082773, 0.801072, 2.004504, -1.385957, 0.869705
-0.048968, 0.599975, 0.084565, 0.794028, 2.004504, -1.385957, 0.869705
-0.050335, 0.608994, 0.086405, 0.786846, 2.004504, -1.385957, 0.869705
-0.051605, 0.617896, 0.088131, 0.779599, 2.004504, -1.385957, 0.869705
-0.051201, 0.615068, 0.076815, 0.783051, 1.979037, -1.336543, 0.906909
-0.052613, 0.624880, 0.077466, 0.775085, 1.979037, -1.336543, 0.906909
-0.054037, 0.634357, 0.078076, 0.767187, 1.979037, -1.336543, 0.906909
-0.055239, 0.643797, 0.078895, 0.759111, 1.979037, -1.336543, 0.906909
-0.056449, 0.653059, 0.079705, 0.750982, 1.979037, -1.336543, 0.906909
-0.057797, 0.662289, 0.080071, 0.742712, 1.979037, -1.336543, 0.906909
-0.059170, 0.671417, 0.080715, 0.734291, 1.979037, -1.336543, 0.906909
-0.060537, 0.680494, 0.081325, 0.725706, 1.979037, -1.336543, 0.906909
-0.062091, 0.689318, 0.081900, 0.717132, 1.979037, -1.336543, 0.906909
-0.063534, 0.698102, 0.082448, 0.708392, 1.979037, -1.336543, 0.906909
-0.074681, 0.686421, 0.082287, 0.718664, 2.003996, -1.248434, 0.935853
-0.077406, 0.695311, 0.082623, 0.709736, 2.003996, -1.248434, 0.935853
-0.080209, 0.704009, 0.082678, 0.700787, 2.003996, -1.248434, 0.935853
-0.082895, 0.712728, 0.082841, 0.691582, 2.003996, -1.248434, 0.935853
-0.085567, 0.721125, 0.082978, 0.682475, 2.003996, -1.248434, 0.935853
-0.088276, 0.729499, 0.083028, 0.673160, 2.003996, -1.248434, 0.935853
-0.091221, 0.737858, 0.082916, 0.663604, 2.003996, -1.248434, 0.935853
-0.093652, 0.746013, 0.082838, 0.654088, 2.003996, -1.248434, 0.935853
-0.096518, 0.753913, 0.083000, 0.644523, 2.003996, -1.248434, 0.935853
-0.099142, 0.761634, 0.083012, 0.634975, 2.003996, -1.248434, 0.935853
-0.089508, 0.747910, 0.087933, 0.651834, 1.984597, -1.133675, 0.909158
-0.091271, 0.755812, 0.088467, 0.642333, 1.984597, -1.133675, 0.909158
-0.093295, 0.763495, 0.088917, 0.632824, 1.984597, -1.133675, 0.909158
-0.095298, 0.771113, 0.089468, 0.623136, 1.984597, -1.133675, 0.909158
-0.097152, 0.778628, 0.089913, 0.613364, 1.984597, -1.133675, 0.909158
-0.098954, 0.786054, 0.090310, 0.603466, 1.984597, -1.133675, 0.909158
-0.100904, 0.793189, 0.090592, 0.593686, 1.984597, -1.133675, 0.909158
-0.102718, 0.800154, 0.090808, 0.583915, 1.984597, -1.133675, 0.909158
-0.104708, 0.807162, 0.091339, 0.573745, 1.984597, -1.133675, 0.909158
-0.106890, 0.813942, 0.091416, 0.563663, 1.984597, -1.133675, 0.909158
-0.098407, 0.802688, 0.088398, 0.581544, 1.951834, -1.025713, 0.903408
-0.099459, 0.810096, 0.088401, 0.570997, 1.951834, -1.025713, 0.903408
-0.100604, 0.817485, 0.088210, 0.560192, 1.951834, -1.025713, 0.903408
-0.101606, 0.824696, 0.088126, 0.549352, 1.951834, -1.025713, 0.903408
-0.102713, 0.831805, 0.087923, 0.538349, 1.951834, -1.025713, 0.903408
-0.104077, 0.838743, 0.087623, 0.527258, 1.951834, -1.025713, 0.903408
-0.105261, 0.845404, 0.087473, 0.516295, 1.951834, -1.025713, 0.903408
-0.106462, 0.852059, 0.087099, 0.505049, 1.951834, -1.025713, 0.903408
-0.107653, 0.858520, 0.086866, 0.493769, 1.951834, -1.025713, 0.903408
-0.108869, 0.864848, 0.086474, 0.482397, 1.951834, -1.025713, 0.903408
-0.115652, 0.840341, 0.092831, 0.521377, 1.972597, -0.835842, 0.928855
-0.118424, 0.845924, 0.093211, 0.511567, 1.972597, -0.835842, 0.928855
-0.121296, 0.851450, 0.093606, 0.501556, 1.972597, -0.835842, 0.928855
-0.124164, 0.856939, 0.093445, 0.491433, 1.972597, -0.835842, 0.928855
-0.126871, 0.862167, 0.093615, 0.481464, 1.972597, -0.835842, 0.928855
-0.129623, 0.867400, 0.093748, 0.471197, 1.972597, -0.835842, 0.928855
-0.132213, 0.872464, 0.093749, 0.461018, 1.972597, -0.835842, 0.928855
-0.134803, 0.877437, 0.093839, 0.450695, 1.972597, -0.835842, 0.928855
-0.137697, 0.882189, 0.093798, 0.440436, 1.972597, -0.835842, 0.928855
-0.140297, 0.886879, 0.093656, 0.430105, 1.972597, -0.835842, 0.928855
-0.133560, 0.839916, 0.087889, 0.518631, 1.918846, -0.475474, 0.962107
-0.135421, 0.846465, 0.087286, 0.507484, 1.918846, -0.475474, 0.962107
-0.137433, 0.852899, 0.086598, 0.496162, 1.918846, -0.475474, 0.962107
-0.139442, 0.859067, 0.085801, 0.484973, 1.918846, -0.475474, 0.962107
-0.141379, 0.865073, 0.084986, 0.473748, 1.918846, -0.475474, 0.962107
-0.143350, 0.871008, 0.084199, 0.462284, 1.918846, -0.475474, 0.962107
-0.145313, 0.876779, 0.083388, 0.450765, 1.918846, -0.475474, 0.962107
-0.147106, 0.882499, 0.082735, 0.438988, 1.918846, -0.475474, 0.962107
-0.148941, 0.887982, 0.081652, 0.427360, 1.918846, -0.475474, 0.962107
-0.150837, 0.893416, 0.080740, 0.415377, 1.918846, -0.475474, 0.962107
-0.165686, 0.966631, 0.087383, 0.174747, 2.044416, -1.256163, 0.887074
-0.167875, 0.968439, 0.086692, 0.162566, 2.044416, -1.256163, 0.887074
-0.170018, 0.970084, 0.086045, 0.150423, 2.044416, -1.256163, 0.887074
-0.172172, 0.971596, 0.085417, 0.138061, 2.044416, -1.256163, 0.887074
-0.174199, 0.972985, 0.084484, 0.125769, 2.044416, -1.256163, 0.887074
-0.176354, 0.974154, 0.083797, 0.113580, 2.044416, -1.256163, 0.887074
-0.178481, 0.975218, 0.082840, 0.101151, 2.044416, -1.256163, 0.887074
-0.180399, 0.976160, 0.081742, 0.088800, 2.044416, -1.256163, 0.887074
-0.182634, 0.976862, 0.080748, 0.076580, 2.044416, -1.256163, 0.887074
-0.184729, 0.977449, 0.079695, 0.064162, 2.044416, -1.256163, 0.887074
-0.187669, 0.950960, 0.078954, -0.232857, 2.214953, -2.196685, 0.821801
-0.189895, 0.947598, 0.077752, -0.244851, 2.214953, -2.196685, 0.821801
-0.192128, 0.944062, 0.076453, -0.256884, 2.214953, -2.196685, 0.821801
-0.194211, 0.940437, 0.074859, -0.268805, 2.214953, -2.196685, 0.821801
-0.196445, 0.936576, 0.073602, -0.280746, 2.214953, -2.196685, 0.821801
-0.198943, 0.932520, 0.072231, -0.292592, 2.214953, -2.196685, 0.821801
-0.201042, 0.928434, 0.071016, -0.304220, 2.214953, -2.196685, 0.821801
-0.203202, 0.924190, 0.069408, -0.315856, 2.214953, -2.196685, 0.821801
-0.205357, 0.919806, 0.067917, -0.327373, 2.214953, -2.196685, 0.821801
-0.207521, 0.915142, 0.066502, -0.339156, 2.214953, -2.196685, 0.821801
-0.192370, 0.848670, 0.067815, -0.488010, 2.336349, -2.676000, 0.769784
-0.193267, 0.842257, 0.067125, -0.498743, 2.336349, -2.676000, 0.769784
-0.194231, 0.835587, 0.066303, -0.509580, 2.336349, -2.676000, 0.769784
-0.195099, 0.828751, 0.065575, -0.520392, 2.336349, -2.676000, 0.769784
-0.195767, 0.821918, 0.064500, -0.531004, 2.336349, -2.676000, 0.769784
-0.196640, 0.814796, 0.063815, -0.541635, 2.336349, -2.676000, 0.769784
-0.197328, 0.807643, 0.062962, -0.552097, 2.336349, -2.676000, 0.769784
-0.198210, 0.800288, 0.061951, -0.562506, 2.336349, -2.676000, 0.769784
-0.199029, 0.792777, 0.060886, -0.572875, 2.336349, -2.676000, 0.769784
-0.199930, 0.785131, 0.059912, -0.583102, 2.336349, -2.676000, 0.769784
-0.199387, 0.761321, 0.052447, -0.614723, 2.337348, -2.765667, 0.761361
-0.200849, 0.753238, 0.051284, -0.624229, 2.337348, -2.765667, 0.761361
-0.202352, 0.744927, 0.050033, -0.633746, 2.337348, -2.765667, 0.761361
-0.203778, 0.736606, 0.048788, -0.643045, 2.337348, -2.765667, 0.761361
-0.205199, 0.728198, 0.047520, -0.652199, 2.337348, -2.765667, 0.761361
-0.206497, 0.719654, 0.046083, -0.661312, 2.337348, -2.765667, 0.761361
-0.207996, 0.710966, 0.045045, -0.670251, 2.337348, -2.765667, 0.761361
-0.209474, 0.702080, 0.043673, -0.679188, 2.337348, -2.765667, 0.761361
-0.210906, 0.693147, 0.042270, -0.687953, 2.337348, -2.765667, 0.761361
-0.212278, 0.684071, 0.040927, -0.696642, 2.337348, -2.765667, 0.761361
-0.209221, 0.688792, 0.029478, -0.693486, 2.311177, -2.715009, 0.722745
-0.210388, 0.679450, 0.027750, -0.702364, 2.311177, -2.715009, 0.722745
-0.211549, 0.669942, 0.025814, -0.711167, 2.311177, -2.715009, 0.722745
-0.212647, 0.660264, 0.023679, -0.719911, 2.311177, -2.715009, 0.722745
-0.214141, 0.650547, 0.021883, -0.728322, 2.311177, -2.715009, 0.722745
-0.215397, 0.640833, 0.019895, -0.736574, 2.311177, -2.715009, 0.722745
-0.216581, 0.630625, 0.017863, -0.745040, 2.311177, -2.715009, 0.722745
-0.217671, 0.620498, 0.015884, -0.753226, 2.311177, -2.715009, 0.722745
-0.218914, 0.610302, 0.014006, -0.761191, 2.311177, -2.715009, 0.722745
-0.220151, 0.600077, 0.012096, -0.768957, 2.311177, -2.715009, 0.722745
-0.218068, 0.617684, 0.016335, -0.755411, 2.315916, -2.599094, 0.712520
-0.219027, 0.607987, 0.015131, -0.762987, 2.315916, -2.599094, 0.712520
-0.219890, 0.598057, 0.014008, -0.770571, 2.315916, -2.599094, 0.712520
-0.220876, 0.588168, 0.013072, -0.777882, 2.315916, -2.599094, 0.712520
-0.221800, 0.578165, 0.012051, -0.785102, 2.315916, -2.599094, 0.712520
-0.222725, 0.568103, 0.010768, -0.792172, 2.315916, -2.599094, 0.712520
-0.223608, 0.557778, 0.009706, -0.799243, 2.315916, -2.599094, 0.712520
-0.224542, 0.547369, 0.008569, -0.806160, 2.315916, -2.599094, 0.712520
-0.225309, 0.536806, 0.007292, -0.813033, 2.315916, -2.599094, 0.712520
-0.226151, 0.526258, 0.006171, -0.819677, 2.315916, -2.599094, 0.712520
-0.226406, 0.540469, -0.002701, -0.810325, 2.288728, -2.510831, 0.675637
-0.227585, 0.529952, -0.004283, -0.816907, 2.288728, -2.510831, 0.675637
-0.228910, 0.519449, -0.005759, -0.823250, 2.288728, -2.510831, 0.675637
-0.229691, 0.508974, -0.007180, -0.829539, 2.288728, -2.510831, 0.675637
-0.230801, 0.498305, -0.008662, -0.835672, 2.288728, -2.510831, 0.675637
-0.231894, 0.487770, -0.010069, -0.841549, 2.288728, -2.510831, 0.675637
-0.232824, 0.476957, -0.011572, -0.847450, 2.288728, -2.510831, 0.675637
-0.233746, 0.466107, -0.012981, -0.853193, 2.288728, -2.510831, 0.675637
-0.234658, 0.455115, -0.014544, -0.858833, 2.288728, -2.510831, 0.675637
-0.235666, 0.444051, -0.016189, -0.864302, 2.288728, -2.510831, 0.675637
-0.227744, 0.455606, -0.014822, -0.860428, 2.310535, -2.432687, 0.651140
-0.228127, 0.444267, -0.015877, -0.866218, 2.310535, -2.432687, 0.651140
-0.228467, 0.432810, -0.016868, -0.871891, 2.310535, -2.432687, 0.651140
-0.228761, 0.421387, -0.017925, -0.877371, 2.310535, -2.432687, 0.651140
-0.229187, 0.409885, -0.019088, -0.882668, 2.310535, -2.432687, 0.651140
-0.229443, 0.398327, -0.019954, -0.887859, 2.310535, -2.432687, 0.651140
-0.229716, 0.386722, -0.021069, -0.892879, 2.310535, -2.432687, 0.651140
-0.230007, 0.374936, -0.022343, -0.897786, 2.310535, -2.432687, 0.651140
-0.230239, 0.363235, -0.023505, -0.902495, 2.310535, -2.432687, 0.651140
-0.230245, 0.351624, -0.024668, -0.907050, 2.310535, -2.432687, 0.651140
-0.236641, 0.371070, -0.038109, -0.897138, 2.264629, -2.332140, 0.602656
-0.237742, 0.359784, -0.039747, -0.901363, 2.264629, -2.332140, 0.602656
-0.238846, 0.348545, -0.041435, -0.905402, 2.264629, -2.332140, 0.602656
-0.239952, 0.337417, -0.042932, -0.909247, 2.264629, -2.332140, 0.602656
-0.240869, 0.326174, -0.044529, -0.913023, 2.264629, -2.332140, 0.602656
-0.241718, 0.314729, -0.046105, -0.916729, 2.264629, -2.332140, 0.602656
-0.242697, 0.303219, -0.047962, -0.920248, 2.264629, -2.332140, 0.602656
-0.243720, 0.291756, -0.049624, -0.923589, 2.264629, -2.332140, 0.602656
-0.244585, 0.280195, -0.051705, -0.926820, 2.264629, -2.332140, 0.602656
-0.245461, 0.268850, -0.053522, -0.929841, 2.264629, -2.332140, 0.602656
-0.240851, 0.281892, -0.061832, -0.926663, 2.270289, -2.258409, 0.556764
-0.241950, 0.270471, -0.063971, -0.929631, 2.270289, -2.258409, 0.556764
-0.242602, 0.258863, -0.066156, -0.932608, 2.270289, -2.258409, 0.556764
-0.243392, 0.247228, -0.068448, -0.935389, 2.270289, -2.258409, 0.556764
-0.244247, 0.235359, -0.070664, -0.938060, 2.270289, -2.258409, 0.556764
-0.245046, 0.223540, -0.073246, -0.940541, 2.270289, -2.258409, 0.556764
-0.245891, 0.211554, -0.075564, -0.942906, 2.270289, -2.258409, 0.556764
-0.246476, 0.199716, -0.077684, -0.945160, 2.270289, -2.258409, 0.556764
-0.247114, 0.187739, -0.079883, -0.947263, 2.270289, -2.258409, 0.556764
-0.247693, 0.175866, -0.082099, -0.949199, 2.270289, -2.258409, 0.556764
-0.238443, 0.186086, -0.082194, -0.949611, 2.305469, -2.190841, 0.535883
-0.238547, 0.173540, -0.084109, -0.951790, 2.305469, -2.190841, 0.535883
-0.238656, 0.161232, -0.085811, -0.953774, 2.305469, -2.190841, 0.535883
-0.238750, 0.148842, -0.087783, -0.955583, 2.305469, -2.190841, 0.535883
-0.238662, 0.136175, -0.089756, -0.957309, 2.305469, -2.190841, 0.535883
-0.238813, 0.123713, -0.091671, -0.958780, 2.305469, -2.190841, 0.535883
-0.238905, 0.111115, -0.093495, -0.960123, 2.305469, -2.190841, 0.535883
-0.238733, 0.098718, -0.095208, -0.961351, 2.305469, -2.190841, 0.535883
-0.238711, 0.086237, -0.097093, -0.962369, 2.305469, -2.190841, 0.535883
-0.238472, 0.073644, -0.099100, -0.963269, 2.305469, -2.190841, 0.535883
-0.235734, 0.089057, -0.100167, -0.962530, 2.320282, -2.102745, 0.514384
-0.235665, 0.076474, -0.101825, -0.963455, 2.320282, -2.102745, 0.514384
-0.235445, 0.063872, -0.103371, -0.964262, 2.320282, -2.102745, 0.514384
-0.235191, 0.051496, -0.105064, -0.964881, 2.320282, -2.102745, 0.514384
-0.234922, 0.038923, -0.106521, -0.965375, 2.320282, -2.102745, 0.514384
-0.234740, 0.026713, -0.107911, -0.965681, 2.320282, -2.102745, 0.514384
-0.234367, 0.014276, -0.109472, -0.965859, 2.320282, -2.102745, 0.514384
-0.234066, 0.001457, -0.111083, -0.965853, 2.320282, -2.102745, 0.514384
-0.233800, -0.010933, -0.112606, -0.965680, 2.320282, -2.102745, 0.514384
-0.233361, -0.023457, -0.114342, -0.965359, 2.320282, -2.102745, 0.514384
-0.235945, -0.001715, -0.125936, -0.963570, 2.317130, -2.001391, 0.456566
-0.236312, -0.013998, -0.128312, -0.963066, 2.317130, -2.001391, 0.456566
-0.236375, -0.026153, -0.130584, -0.962492, 2.317130, -2.001391, 0.456566
-0.236481, -0.038295, -0.132752, -0.961763, 2.317130, -2.001391, 0.456566
-0.236403, -0.050294, -0.135131, -0.960897, 2.317130, -2.001391, 0.456566
-0.236553, -0.062306, -0.137583, -0.959808, 2.317130, -2.001391, 0.456566
-0.227584, -0.064875, -0.141447, -0.961244, 2.357641, -1.972841, 0.442000
-0.227691, -0.076836, -0.143507, -0.960031, 2.357641, -1.972841, 0.442000
-0.227844, -0.088774, -0.145717, -0.958631, 2.357641, -1.972841, 0.442000
-0.227827, -0.100522, -0.147926, -0.957135, 2.357641, -1.972841, 0.442000
-0.227835, -0.112575, -0.150279, -0.955424, 2.357641, -1.972841, 0.442000
-0.226825, -0.125526, -0.151814, -0.953806, 2.357641, -1.972841, 0.442000
-0.225547, -0.138449, -0.153862, -0.951991, 2.357641, -1.972841, 0.442000
-0.224471, -0.151286, -0.155603, -0.950007, 2.357641, -1.972841, 0.442000
-0.223160, -0.163983, -0.157343, -0.947920, 2.357641, -1.972841, 0.442000
-0.221845, -0.176842, -0.159203, -0.945604, 2.357641, -1.972841, 0.442000
-0.223176, -0.159463, -0.156902, -0.948760, 2.367070, -1.870117, 0.433014
-0.222014, -0.172591, -0.158731, -0.946428, 2.367070, -1.870117, 0.433014
-0.220588, -0.185392, -0.160416, -0.944054, 2.367070, -1.870117, 0.433014
-0.219371, -0.198242, -0.162175, -0.941422, 2.367070, -1.870117, 0.433014
-0.218035, -0.210945, -0.163803, -0.938686, 2.367070, -1.870117, 0.433014
-0.217776, -0.222662, -0.165599, -0.935720, 2.367070, -1.870117, 0.433014
-0.217422, -0.234449, -0.167523, -0.932576, 2.367070, -1.870117, 0.433014
-0.217003, -0.246165, -0.169411, -0.929308, 2.367070, -1.870117, 0.433014
-0.216502, -0.257918, -0.171215, -0.925900, 2.367070, -1.870117, 0.433014
-0.216058, -0.269460, -0.173005, -0.922377, 2.367070, -1.870117, 0.433014
-0.210366, -0.254610, -0.180581, -0.926451, 2.404299, -1.791154, 0.402390
-0.209731, -0.266385, -0.182597, -0.922881, 2.404299, -1.791154, 0.402390
-0.209135, -0.278106, -0.184545, -0.919164, 2.404299, -1.791154, 0.402390
-0.208454, -0.289859, -0.186274, -0.915331, 2.404299, -1.791154, 0.402390
-0.207903, -0.301430, -0.187851, -0.911388, 2.404299, -1.791154, 0.402390
-0.207784, -0.312566, -0.190176, -0.907172, 2.404299, -1.791154, 0.402390
-0.207333, -0.323593, -0.192141, -0.902985, 2.404299, -1.791154, 0.402390
-0.207072, -0.334600, -0.194407, -0.898538, 2.404299, -1.791154, 0.402390
-0.206771, -0.345433, -0.196589, -0.894021, 2.404299, -1.791154, 0.402390
-0.206460, -0.356469, -0.198726, -0.889276, 2.404299, -1.791154, 0.402390
-0.199226, -0.349510, -0.195950, -0.894290, 2.437598, -1.729761, 0.416711
-0.198941, -0.360474, -0.198053, -0.889526, 2.437598, -1.729761, 0.416711
-0.198603, -0.371220, -0.200166, -0.884695, 2.437598, -1.729761, 0.416711
-0.198174, -0.381859, -0.202396, -0.879742, 2.437598, -1.729761, 0.416711
-0.197664, -0.392540, -0.204636, -0.874623, 2.437598, -1.729761, 0.416711
-0.196408, -0.404159, -0.206304, -0.869206, 2.437598, -1.729761, 0.416711
-0.195086, -0.415857, -0.207632, -0.863651, 2.437598, -1.729761, 0.416711
-0.193764, -0.427103, -0.209457, -0.858001, 2.437598, -1.729761, 0.416711
-0.192446, -0.438665, -0.210803, -0.852115, 2.437598, -1.729761, 0.416711
-0.191010, -0.450059, -0.212532, -0.846045, 2.437598, -1.729761, 0.416711
-0.185820, -0.436412, -0.217452, -0.853071, 2.476105, -1.646433, 0.402620
-0.184109, -0.447871, -0.218991, -0.847088, 2.476105, -1.646433, 0.402620
-0.182866, -0.459204, -0.220358, -0.840913, 2.476105, -1.646433, 0.402620
-0.181195, -0.470381, -0.221717, -0.834717, 2.476105, -1.646433, 0.402620
-0.179641, -0.481701, -0.223077, -0.828209, 2.476105, -1.646433, 0.402620
-0.178223, -0.492638, -0.224513, -0.821668, 2.476105, -1.646433, 0.402620
-0.176774, -0.503597, -0.225786, -0.814961, 2.476105, -1.646433, 0.402620
-0.175154, -0.514359, -0.227256, -0.808153, 2.476105, -1.646433, 0.402620
-0.173594, -0.525032, -0.228869, -0.801140, 2.476105, -1.646433, 0.402620
-0.171857, -0.535664, -0.230074, -0.794101, 2.476105, -1.646433, 0.402620
-0.171799, -0.515593, -0.241023, -0.804088, 2.516185, -1.541614, 0.366793
-0.170207, -0.526379, -0.242659, -0.796914, 2.516185, -1.541614, 0.366793
-0.168520, -0.536886, -0.244184, -0.789765, 2.516185, -1.541614, 0.366793
-0.166834, -0.547423, -0.245673, -0.782393, 2.516185, -1.541614, 0.366793
-0.164879, -0.557796, -0.247191, -0.774968, 2.516185, -1.541614, 0.366793
-0.162964, -0.567910, -0.248843, -0.767462, 2.516185, -1.541614, 0.366793
-0.160963, -0.577891, -0.250370, -0.759900, 2.516185, -1.541614, 0.366793
-0.159176, -0.587976, -0.251712, -0.752056, 2.516185, -1.541614, 0.366793
-0.157024, -0.598020, -0.253270, -0.744023, 2.516185, -1.541614, 0.366793
-0.155125, -0.607744, -0.254717, -0.736005, 2.516185, -1.541614, 0.366793
-0.154015, -0.589394, -0.263190, -0.748081, 2.558378, -1.437221, 0.346238
-0.151792, -0.599258, -0.264654, -0.740140, 2.558378, -1.437221, 0.346238
-0.149604, -0.608920, -0.266053, -0.732155, 2.558378, -1.437221, 0.346238
-0.147325, -0.618774, -0.267335, -0.723841, 2.558378, -1.437221, 0.346238
-0.145280, -0.628523, -0.268589, -0.715341, 2.558378, -1.437221, 0.346238
-0.143790, -0.637143, -0.270735, -0.707160, 2.558378, -1.437221, 0.346238
-0.142243, -0.645668, -0.272907, -0.698857, 2.558378, -1.437221, 0.346238
-0.140699, -0.654252, -0.274965, -0.690328, 2.558378, -1.437221, 0.346238
-0.139137, -0.662574, -0.277076, -0.681811, 2.558378, -1.437221, 0.346238
-0.137475, -0.670923, -0.279222, -0.673051, 2.558378, -1.437221, 0.346238
-0.133451, -0.659434, -0.279951, -0.684810, 2.589121, -1.350868, 0.361305
-0.131968, -0.667893, -0.281521, -0.676202, 2.589121, -1.350868, 0.361305
-0.130381, -0.676233, -0.283297, -0.667423, 2.589121, -1.350868, 0.361305
-0.128916, -0.684466, -0.285074, -0.658498, 2.589121, -1.350868, 0.361305
-0.127035, -0.692368, -0.286930, -0.649738, 2.589121, -1.350868, 0.361305
-0.125292, -0.700564, -0.288371, -0.640589, 2.589121, -1.350868, 0.361305
-0.123513, -0.708856, -0.289895, -0.631054, 2.589121, -1.350868, 0.361305
-0.121795, -0.716886, -0.291297, -0.621600, 2.589121, -1.350868, 0.361305
-0.119759, -0.724848, -0.292668, -0.612045, 2.589121, -1.350868, 0.361305
-0.117925, -0.732592, -0.294027, -0.602454, 2.589121, -1.350868, 0.361305
-0.109703, -0.718507, -0.296580, -0.619479, 2.637852, -1.251267, 0.386182
-0.107699, -0.726437, -0.297829, -0.609908, 2.637852, -1.251267, 0.386182
-0.105914, -0.734037, -0.299018, -0.600466, 2.637852, -1.251267, 0.386182
-0.104137, -0.741838, -0.300123, -0.590558, 2.637852, -1.251267, 0.386182
-0.102160, -0.749376, -0.301338, -0.580684, 2.637852, -1.251267, 0.386182
-0.099462, -0.756664, -0.302644, -0.570941, 2.637852, -1.251267, 0.386182
-0.096829, -0.763823, -0.304044, -0.561031, 2.637852, -1.251267, 0.386182
-0.094334, -0.770907, -0.305102, -0.551104, 2.637852, -1.251267, 0.386182
-0.091573, -0.777873, -0.306642, -0.540832, 2.637852, -1.251267, 0.386182
-0.088514, -0.784765, -0.308017, -0.530504, 2.637852, -1.251267, 0.386182
-0.087186, -0.769067, -0.304348, -0.555255, 2.658224, -1.120007, 0.418280
-0.084512, -0.776323, -0.305448, -0.544869, 2.658224, -1.120007, 0.418280
-0.081558, -0.783082, -0.306832, -0.534776, 2.658224, -1.120007, 0.418280
-0.078786, -0.789692, -0.308137, -0.524624, 2.658224, -1.120007, 0.418280
-0.076136, -0.796311, -0.309117, -0.514333, 2.658224, -1.120007, 0.418280
-0.074518, -0.802693, -0.310451, -0.503738, 2.658224, -1.120007, 0.418280
-0.072804, -0.808921, -0.311719, -0.493131, 2.658224, -1.120007, 0.418280
-0.071032, -0.814925, -0.312983, -0.482590, 2.658224, -1.120007, 0.418280
-0.069317, -0.820820, -0.314251, -0.471907, 2.658224, -1.120007, 0.418280
-0.067592, -0.826614, -0.315574, -0.461035, 2.658224, -1.120007, 0.418280
-0.063696, -0.797877, -0.309832, -0.513167, 2.697797, -0.899978, 0.488742
-0.062033, -0.804110, -0.311415, -0.502573, 2.697797, -0.899978, 0.488742
-0.060167, -0.810302, -0.312860, -0.491843, 2.697797, -0.899978, 0.488742
-0.058352, -0.816202, -0.314193, -0.481344, 2.697797, -0.899978, 0.488742
-0.056676, -0.821998, -0.315730, -0.470554, 2.697797, -0.899978, 0.488742
-0.053424, -0.827887, -0.316701, -0.459837, 2.697797, -0.899978, 0.488742
-0.049922, -0.833462, -0.317896, -0.449211, 2.697797, -0.899978, 0.488742
-0.046491, -0.838971, -0.318649, -0.438666, 2.697797, -0.899978, 0.488742
-0.043168, -0.844400, -0.319463, -0.427865, 2.697797, -0.899978, 0.488742
-0.039821, -0.849536, -0.320441, -0.417157, 2.697797, -0.899978, 0.488742
-0.034216, -0.782701, -0.294769, -0.547102, 2.740058, -0.406351, 0.666492
-0.030977, -0.789309, -0.295755, -0.537179, 2.740058, -0.406351, 0.666492
-0.027529, -0.796004, -0.296563, -0.526945, 2.740058, -0.406351, 0.666492
-0.024296, -0.802439, -0.297630, -0.516641, 2.740058, -0.406351, 0.666492
-0.021030, -0.808684, -0.298490, -0.506451, 2.740058, -0.406351, 0.666492
-0.018434, -0.814933, -0.299483, -0.495837, 2.740058, -0.406351, 0.666492
-0.015873, -0.820999, -0.300176, -0.485389, 2.740058, -0.406351, 0.666492
-0.013277, -0.827130, -0.300995, -0.474427, 2.740058, -0.406351, 0.666492
-0.010498, -0.833100, -0.301646, -0.463513, 2.740058, -0.406351, 0.666492
-0.007951, -0.838917, -0.302449, -0.452416, 2.740058, -0.406351, 0.666492
-0.008313, -0.929214, -0.341881, -0.140035, 2.710013, -1.399716, 0.286997
-0.005397, -0.930906, -0.342062, -0.127979, 2.710013, -1.399716, 0.286997
-0.002270, -0.932452, -0.342254, -0.115717, 2.710013, -1.399716, 0.286997
0.000895, -0.933848, -0.342368, -0.103496, 2.710013, -1.399716, 0.286997
0.003986, -0.935072, -0.342521, -0.091122, 2.710013, -1.399716, 0.286997
0.006135, -0.936347, -0.342154, -0.078401, 2.710013, -1.399716, 0.286997
0.008223, -0.937483, -0.341671, -0.065727, 2.710013, -1.399716, 0.286997
0.010322, -0.938463, -0.341156, -0.052846, 2.710013, -1.399716, 0.286997
0.012376, -0.939306, -0.340469, -0.040394, 2.710013, -1.399716, 0.286997
0.014586, -0.939932, -0.339913, -0.027830, 2.710013, -1.399716, 0.286997
0.015289, -0.895861, -0.340681, 0.284844, 2.751058, -2.352065, -0.076384
0.017663, -0.892393, -0.339404, 0.296861, 2.751058, -2.352065, -0.076384
0.019926, -0.888744, -0.338122, 0.308887, 2.751058, -2.352065, -0.076384
0.022250, -0.885035, -0.336522, 0.320890, 2.751058, -2.352065, -0.076384
0.024685, -0.880948, -0.335328, 0.332981, 2.751058, -2.352065, -0.076384
0.027629, -0.876768, -0.334362, 0.344552, 2.751058, -2.352065, -0.076384
0.030312, -0.872412, -0.333282, 0.356232, 2.751058, -2.352065, -0.076384
0.032987, -0.867877, -0.332255, 0.367843, 2.751058, -2.352065, -0.076384
0.036061, -0.863125, -0.331426, 0.379304, 2.751058, -2.352065, -0.076384
0.039032, -0.858331, -0.330253, 0.390739, 2.751058, -2.352065, -0.076384
0.041741, -0.787441, -0.320205, 0.525037, 2.801902, -2.782178, -0.222211
0.044415, -0.780787, -0.319154, 0.535294, 2.801902, -2.782178, -0.222211
0.047422, -0.773965, -0.318041, 0.545509, 2.801902, -2.782178, -0.222211
0.050318, -0.767011, -0.316874, 0.555656, 2.801902, -2.782178, -0.222211
0.053220, -0.759926, -0.315692, 0.565702, 2.801902, -2.782178, -0.222211
0.055846, -0.752819, -0.314778, 0.575378, 2.801902, -2.782178, -0.222211
0.058543, -0.745539, -0.314181, 0.584838, 2.801902, -2.782178, -0.222211
0.061345, -0.738008, -0.313364, 0.594461, 2.801902, -2.782178, -0.222211
0.064216, -0.730347, -0.312706, 0.603891, 2.801902, -2.782178, -0.222211
0.066815, -0.722726, -0.312048, 0.613049, 2.801902, -2.782178, -0.222211
0.059252, -0.703293, -0.304950, 0.639433, 2.816848, -2.836241, -0.275205
0.061593, -0.695299, -0.304114, 0.648291, 2.816848, -2.836241, -0.275205
0.064194, -0.687095, -0.303267, 0.657122, 2.816848, -2.836241, -0.275205
0.066734, -0.678682, -0.302395, 0.665953, 2.816848, -2.836241, -0.275205
0.069217, -0.670152, -0.301632, 0.674628, 2.816848, -2.836241, -0.275205
0.070995, -0.661266, -0.300662, 0.683586, 2.816848, -2.836241, -0.275205
0.072885, -0.652506, -0.299660, 0.692190, 2.816848, -2.836241, -0.275205
0.074526, -0.643576, -0.298498, 0.700824, 2.816848, -2.836241, -0.275205
0.076452, -0.634467, -0.297483, 0.709303, 2.816848, -2.836241, -0.275205
0.078120, -0.625231, -0.296476, 0.717695, 2.816848, -2.836241, -0.275205
0.083240, -0.634315, -0.281649, 0.715115, 2.757766, -2.778697, -0.287506
0.084843, -0.624989, -0.280383, 0.723585, 2.757766, -2.778697, -0.287506
0.086490, -0.615610, -0.279052, 0.731897, 2.757766, -2.778697, -0.287506
0.088068, -0.606171, -0.277827, 0.740008, 2.757766, -2.778697, -0.287506
0.089569, -0.596626, -0.276620, 0.747995, 2.757766, -2.778697, -0.287506
0.091138, -0.587098, -0.274646, 0.756029, 2.757766, -2.778697, -0.287506
0.092587, -0.577351, -0.272909, 0.763946, 2.757766, -2.778697, -0.287506
0.094467, -0.567604, -0.271165, 0.771603, 2.757766, -2.778697, -0.287506
0.096050, -0.557858, -0.269511, 0.779059, 2.757766, -2.778697, -0.287506
0.097536, -0.547743, -0.267676, 0.786647, 2.757766, -2.778697, -0.287506
0.107522, -0.561934, -0.265236, 0.776092, 2.709451, -2.692909, -0.260626
0.109082, -0.551821, -0.263410, 0.783715, 2.709451, -2.692909, -0.260626
0.110408, -0.541824, -0.261612, 0.791073, 2.709451, -2.692909, -0.260626
0.112005, -0.531516, -0.259716, 0.798432, 2.709451, -2.692909, -0.260626
0.113270, -0.521373, -0.257765, 0.805542, 2.709451, -2.692909, -0.260626
0.113977, -0.511031, -0.256307, 0.812505, 2.709451, -2.692909, -0.260626
0.114994, -0.500462, -0.255085, 0.819296, 2.709451, -2.692909, -0.260626
0.115950, -0.489813, -0.253883, 0.825943, 2.709451, -2.692909, -0.260626
0.116687, -0.479178, -0.252555, 0.832460, 2.709451, -2.692909, -0.260626
0.117293, -0.468297, -0.251106, 0.838979, 2.709451, -2.692909, -0.260626
0.124841, -0.483378, -0.252157, 0.828962, 2.668603, -2.602521, -0.236133
0.125733, -0.472645, -0.250693, 0.835434, 2.668603, -2.602521, -0.236133
0.126391, -0.461860, -0.249305, 0.841759, 2.668603, -2.602521, -0.236133
0.127384, -0.450949, -0.247958, 0.847901, 2.668603, -2.602521, -0.236133
0.128148, -0.440006, -0.246576, 0.853916, 2.668603, -2.602521, -0.236133
0.129921, -0.429263, -0.244649, 0.859652, 2.668603, -2.602521, -0.236133
0.131604, -0.418381, -0.242685, 0.865299, 2.668603, -2.602521, -0.236133
0.133386, -0.407435, -0.240686, 0.870790, 2.668603, -2.602521, -0.236133
0.135078, -0.396365, -0.238515, 0.876219, 2.668603, -2.602521, -0.236133
0.136822, -0.385313, -0.236392, 0.881438, 2.668603, -2.602521, -0.236133
0.154509, -0.404707, -0.229777, 0.871517, 2.586748, -2.511985, -0.222246
0.155947, -0.393630, -0.227728, 0.876856, 2.586748, -2.511985, -0.222246
0.157479, -0.382481, -0.225620, 0.882046, 2.586748, -2.511985, -0.222246
0.158943, -0.371233, -0.223328, 0.887157, 2.586748, -2.511985, -0.222246
0.160747, -0.360025, -0.220972, 0.892028, 2.586748, -2.511985, -0.222246
0.161824, -0.348614, -0.218218, 0.897030, 2.586748, -2.511985, -0.222246
0.162706, -0.337130, -0.215418, 0.901923, 2.586748, -2.511985, -0.222246
0.163705, -0.325536, -0.212517, 0.906677, 2.586748, -2.511985, -0.222246
0.165003, -0.313827, -0.209903, 0.911168, 2.586748, -2.511985, -0.222246
0.165986, -0.302057, -0.207040, 0.915612, 2.586748, -2.511985, -0.222246
0.152655, -0.310515, -0.213755, 0.913556, 2.621708, -2.430067, -0.220356
0.153752, -0.298881, -0.211166, 0.917845, 2.621708, -2.430067, -0.220356
0.154805, -0.287004, -0.208483, 0.922063, 2.621708, -2.430067, -0.220356
0.155929, -0.275164, -0.205868, 0.926061, 2.621708, -2.430067, -0.220356
0.157010, -0.263233, -0.203382, 0.929888, 2.621708, -2.430067, -0.220356
0.158854, -0.251491, -0.201586, 0.933210, 2.621708, -2.430067, -0.220356
0.160839, -0.239776, -0.199786, 0.936335, 2.621708, -2.430067, -0.220356
0.162557, -0.228087, -0.197973, 0.939339, 2.621708, -2.430067, -0.220356
0.164353, -0.216386, -0.196105, 0.942182, 2.621708, -2.430067, -0.220356
0.166264, -0.204536, -0.194139, 0.944898, 2.621708, -2.430067, -0.220356
0.168780, -0.219697, -0.196293, 0.940593, 2.600727, -2.341374, -0.215795
0.170483, -0.208061, -0.194708, 0.943258, 2.600727, -2.341374, -0.215795
0.172224, -0.196391, -0.192649, 0.945862, 2.600727, -2.341374, -0.215795
0.173638, -0.184420, -0.190886, 0.948368, 2.600727, -2.341374, -0.215795
0.175220, -0.172439, -0.189182, 0.950670, 2.600727, -2.341374, -0.215795
0.176218, -0.160203, -0.187902, 0.952877, 2.600727, -2.341374, -0.215795
0.176736, -0.147962, -0.186360, 0.955061, 2.600727, -2.341374, -0.215795
0.177557, -0.135704, -0.184814, 0.957027, 2.600727, -2.341374, -0.215795
0.178224, -0.123183, -0.183452, 0.958857, 2.600727, -2.341374, -0.215795
0.178981, -0.110908, -0.181979, 0.960494, 2.600727, -2.341374, -0.215795
0.173822, -0.122786, -0.178308, 0.960685, 2.599659, -2.262756, -0.239355
0.174799, -0.110318, -0.176890, 0.962281, 2.599659, -2.262756, -0.239355
0.175329, -0.098142, -0.175581, 0.963742, 2.599659, -2.262756, -0.239355
0.176050, -0.085614, -0.174312, 0.965035, 2.599659, -2.262756, -0.239355
0.176794, -0.073203, -0.173035, 0.966149, 2.599659, -2.262756, -0.239355
0.177518, -0.060867, -0.170985, 0.967237, 2.599659, -2.262756, -0.239355
0.178360, -0.048501, -0.168904, 0.968146, 2.599659, -2.262756, -0.239355
0.178972, -0.036159, -0.166810, 0.968936, 2.599659, -2.262756, -0.239355
0.179573, -0.023873, -0.164848, 0.969541, 2.599659, -2.262756, -0.239355
0.180189, -0.011286, -0.162771, 0.970005, 2.599659, -2.262756, -0.239355
0.187323, -0.029652, -0.156126, 0.969358, 2.557145, -2.172803, -0.267352
0.187731, -0.017232, -0.154027, 0.969915, 2.557145, -2.172803, -0.267352
0.188068, -0.004884, -0.152096, 0.970295, 2.557145, -2.172803, -0.267352
0.188333, 0.007338, -0.150093, 0.970541, 2.557145, -2.172803, -0.267352
0.188560, 0.019647, -0.148050, 0.970639, 2.557145, -2.172803, -0.267352
0.188426, 0.032352, -0.146733, 0.970525, 2.557145, -2.172803, -0.267352
0.188310, 0.045235, -0.145626, 0.970199, 2.557145, -2.172803, -0.267352
0.188199, 0.057759, -0.144434, 0.969734, 2.557145, -2.172803, -0.267352
0.187966, 0.070414, -0.143266, 0.969116, 2.557145, -2.172803, -0.267352
0.187711, 0.082847, -0.141978, 0.968371, 2.557145, -2.172803, -0.267352
0.191860, 0.062544, -0.121370, 0.971878, 2.526538, -2.082147, -0.350469
0.191514, 0.075170, -0.120137, 0.971205, 2.526538, -2.082147, -0.350469
0.191018, 0.087626, -0.118950, 0.970404, 2.526538, -2.082147, -0.350469
0.190491, 0.100021, -0.117474, 0.969489, 2.526538, -2.082147, -0.350469
0.190080, 0.112697, -0.116105, 0.968343, 2.526538, -2.082147, -0.350469
0.189108, 0.125392, -0.114062, 0.967215, 2.526538, -2.082147, -0.350469
0.188308, 0.138037, -0.112184, 0.965868, 2.526538, -2.082147, -0.350469
0.187544, 0.150538, -0.110381, 0.964355, 2.526538, -2.082147, -0.350469
0.186801, 0.163314, -0.108475, 0.962635, 2.526538, -2.082147, -0.350469
0.185900, 0.175894, -0.106406, 0.960823, 2.526538, -2.082147, -0.350469
0.197721, 0.159656, -0.106780, 0.961257, 2.475666, -1.994216, -0.364470
0.196959, 0.172148, -0.104628, 0.959492, 2.475666, -1.994216, -0.364470
0.195932, 0.184670, -0.102445, 0.957608, 2.475666, -1.994216, -0.364470
0.194931, 0.197115, -0.100577, 0.955527, 2.475666, -1.994216, -0.364470
0.193966, 0.209553, -0.098584, 0.953282, 2.475666, -1.994216, -0.364470
0.193700, 0.221756, -0.096730, 0.950762, 2.475666, -1.994216, -0.364470
0.197593, 0.221458, -0.100734, 0.949614, 2.453684, -1.944947, -0.354568
0.197988, 0.233920, -0.098698, 0.946753, 2.453684, -1.944947, -0.354568
0.197924, 0.245869, -0.096910, 0.943919, 2.453684, -1.944947, -0.354568
0.197729, 0.257988, -0.094917, 0.940923, 2.453684, -1.944947, -0.354568
0.197544, 0.269991, -0.093145, 0.937766, 2.453684, -1.944947, -0.354568
0.197390, 0.282094, -0.091184, 0.934422, 2.453684, -1.944947, -0.354568
0.197236, 0.294093, -0.089233, 0.930938, 2.453684, -1.944947, -0.354568
0.196809, 0.306018, -0.087359, 0.927355, 2.453684, -1.944947, -0.354568
0.196303, 0.317742, -0.085501, 0.923685, 2.453684, -1.944947, -0.354568
0.196070, 0.329813, -0.084560, 0.919581, 2.453684, -1.944947, -0.354568
0.198767, 0.315643, -0.085377, 0.923890, 2.439114, -1.856131, -0.371163
0.198428, 0.327868, -0.084181, 0.919806, 2.439114, -1.856131, -0.371163
0.198103, 0.340056, -0.083107, 0.915538, 2.439114, -1.856131, -0.371163
0.197597, 0.352077, -0.082109, 0.911183, 2.439114, -1.856131, -0.371163
0.197317, 0.364092, -0.081141, 0.906597, 2.439114, -1.856131, -0.371163
0.197012, 0.375943, -0.080249, 0.901894, 2.439114, -1.856131, -0.371163
0.196388, 0.387647, -0.079158, 0.897160, 2.439114, -1.856131, -0.371163
0.195953, 0.399434, -0.078084, 0.892165, 2.439114, -1.856131, -0.371163
0.195361, 0.411064, -0.077265, 0.887068, 2.439114, -1.856131, -0.371163
0.194999, 0.422404, -0.075748, 0.881937, 2.439114, -1.856131, -0.371163
0.193607, 0.408878, -0.068737, 0.889163, 2.447384, -1.771823, -0.405891
0.193053, 0.420242, -0.067259, 0.884083, 2.447384, -1.771823, -0.405891
0.192652, 0.431293, -0.065759, 0.878947, 2.447384, -1.771823, -0.405891
0.192249, 0.442428, -0.064270, 0.873594, 2.447384, -1.771823, -0.405891
0.191794, 0.453523, -0.062762, 0.868097, 2.447384, -1.771823, -0.405891
0.191383, 0.464493, -0.061189, 0.862481, 2.447384, -1.771823, -0.405891
0.190992, 0.475542, -0.059728, 0.856630, 2.447384, -1.771823, -0.405891
0.190272, 0.486580, -0.058274, 0.850671, 2.447384, -1.771823, -0.405891
0.189919, 0.497490, -0.056843, 0.844514, 2.447384, -1.771823, -0.405891
0.189214, 0.507642, -0.054233, 0.838782, 2.447384, -1.771823, -0.405891
0.187500, 0.492338, -0.039438, 0.849053, 2.470178, -1.682352, -0.459780
0.186778, 0.502660, -0.036777, 0.843264, 2.470178, -1.682352, -0.459780
0.186227, 0.512895, -0.033981, 0.837319, 2.470178, -1.682352, -0.459780
0.185317, 0.523095, -0.031257, 0.831296, 2.470178, -1.682352, -0.459780
0.184324, 0.533317, -0.028477, 0.825098, 2.470178, -1.682352, -0.459780
0.183595, 0.543453, -0.025746, 0.818712, 2.470178, -1.682352, -0.459780
0.182851, 0.553402, -0.023223, 0.812263, 2.470178, -1.682352, -0.459780
0.181980, 0.563216, -0.020805, 0.805753, 2.470178, -1.682352, -0.459780
0.181223, 0.573019, -0.018036, 0.799050, 2.470178, -1.682352, -0.459780
0.179593, 0.583185, -0.016601, 0.792064, 2.470178, -1.682352, -0.459780
0.185060, 0.572596, -0.018320, 0.798468, 2.451479, -1.601341, -0.476469
0.183455, 0.582633, -0.016649, 0.791584, 2.451479, -1.601341, -0.476469
0.181782, 0.592876, -0.015181, 0.784362, 2.451479, -1.601341, -0.476469
0.180252, 0.602797, -0.013554, 0.777149, 2.451479, -1.601341, -0.476469
0.178513, 0.612718, -0.012032, 0.769783, 2.451479, -1.601341, -0.476469
0.176863, 0.622603, -0.010698, 0.762214, 2.451479, -1.601341, -0.476469
0.175163, 0.632220, -0.009145, 0.754673, 2.451479, -1.601341, -0.476469
0.173354, 0.641736, -0.007929, 0.747034, 2.451479, -1.601341, -0.476469
0.171670, 0.651325, -0.006457, 0.739096, 2.451479, -1.601341, -0.476469
0.170544, 0.660782, -0.005534, 0.730925, 2.451479, -1.601341, -0.476469
0.176277, 0.649991, -0.004538, 0.739201, 2.442916, -1.518117, -0.502638
0.175199, 0.659621, -0.003663, 0.730885, 2.442916, -1.518117, -0.502638
0.174254, 0.669054, -0.002968, 0.722491, 2.442916, -1.518117, -0.502638
0.173481, 0.678318, -0.002460, 0.713991, 2.442916, -1.518117, -0.502638
0.172326, 0.687564, -0.001818, 0.705377, 2.442916, -1.518117, -0.502638
0.171229, 0.696971, -0.001185, 0.696355, 2.442916, -1.518117, -0.502638
0.170368, 0.705953, -0.000397, 0.687463, 2.442916, -1.518117, -0.502638
0.169379, 0.714886, 0.000265, 0.678417, 2.442916, -1.518117, -0.502638
0.168264, 0.723823, 0.000914, 0.669154, 2.442916, -1.518117, -0.502638
0.167266, 0.732517, 0.001803, 0.659877, 2.442916, -1.518117, -0.502638
0.165862, 0.719856, 0.006232, 0.673987, 2.464320, -1.419171, -0.523880
0.164705, 0.728657, 0.007058, 0.664742, 2.464320, -1.419171, -0.523880
0.163650, 0.737241, 0.007578, 0.655467, 2.464320, -1.419171, -0.523880
0.162639, 0.745830, 0.008180, 0.645925, 2.464320, -1.419171, -0.523880
0.161518, 0.754363, 0.008760, 0.636217, 2.464320, -1.419171, -0.523880
0.160442, 0.762588, 0.009394, 0.626602, 2.464320, -1.419171, -0.523880
0.159362, 0.770809, 0.009877, 0.616733, 2.464320, -1.419171, -0.523880
0.158410, 0.778719, 0.010032, 0.606961, 2.464320, -1.419171, -0.523880
0.157439, 0.786597, 0.010594, 0.596964, 2.464320, -1.419171, -0.523880
0.156084, 0.794073, 0.011788, 0.587322, 2.464320, -1.419171, -0.523880
0.161032, 0.778903, 0.019275, 0.605811, 2.480615, -1.306800, -0.564585
0.159389, 0.786510, 0.020562, 0.596301, 2.480615, -1.306800, -0.564585
0.157792, 0.794028, 0.021732, 0.586641, 2.480615, -1.306800, -0.564585
0.156064, 0.801315, 0.022799, 0.577077, 2.480615, -1.306800, -0.564585
0.154592, 0.808635, 0.023963, 0.567130, 2.480615, -1.306800, -0.564585
0.153298, 0.815640, 0.025197, 0.557312, 2.480615, -1.306800, -0.564585
0.151868, 0.822706, 0.026371, 0.547170, 2.480615, -1.306800, -0.564585
0.150501, 0.829617, 0.027566, 0.536959, 2.480615, -1.306800, -0.564585
0.149225, 0.836398, 0.028781, 0.526633, 2.480615, -1.306800, -0.564585
0.147725, 0.842995, 0.029729, 0.516384, 2.480615, -1.306800, -0.564585
0.146637, 0.824256, 0.029339, 0.546113, 2.499143, -1.153690, -0.574419
0.145221, 0.831181, 0.030126, 0.535856, 2.499143, -1.153690, -0.574419
0.143637, 0.837847, 0.030820, 0.525767, 2.499143, -1.153690, -0.574419
0.142055, 0.844363, 0.031731, 0.515621, 2.499143, -1.153690, -0.574419
0.140545, 0.850957, 0.032757, 0.505022, 2.499143, -1.153690, -0.574419
0.138932, 0.857217, 0.033700, 0.494714, 2.499143, -1.153690, -0.574419
0.137469, 0.863371, 0.034670, 0.484243, 2.499143, -1.153690, -0.574419
0.135875, 0.869459, 0.035335, 0.473635, 2.499143, -1.153690, -0.574419
0.134415, 0.875315, 0.036081, 0.463092, 2.499143, -1.153690, -0.574419
0.133638, 0.881384, 0.036162, 0.451659, 2.499143, -1.153690, -0.574419
0.131462, 0.845616, 0.035111, 0.516158, 2.540665, -0.874937, -0.582373
0.130772, 0.852321, 0.035166, 0.505184, 2.540665, -0.874937, -0.582373
0.130106, 0.858875, 0.035084, 0.494140, 2.540665, -0.874937, -0.582373
0.129479, 0.865223, 0.034808, 0.483128, 2.540665, -0.874937, -0.582373
0.128885, 0.871490, 0.034650, 0.471904, 2.540665, -0.874937, -0.582373
0.128198, 0.877580, 0.034489, 0.460684, 2.540665, -0.874937, -0.582373
0.127616, 0.883554, 0.034260, 0.449303, 2.540665, -0.874937, -0.582373
0.126504, 0.889386, 0.034001, 0.437988, 2.540665, -0.874937, -0.582373
0.125821, 0.895040, 0.033655, 0.426543, 2.540665, -0.874937, -0.582373
0.125398, 0.900662, 0.033251, 0.414702, 2.540665, -0.874937, -0.582373
0.113137, 0.820725, 0.030708, 0.559167, 2.633716, -0.295724, -0.565081
0.113068, 0.828018, 0.030494, 0.548336, 2.633716, -0.295724, -0.565081
0.113000, 0.835219, 0.030262, 0.537331, 2.633716, -0.295724, -0.565081
0.112958, 0.842137, 0.029916, 0.526452, 2.633716, -0.295724, -0.565081
0.113061, 0.849048, 0.029431, 0.515236, 2.633716, -0.295724, -0.565081
0.112902, 0.855822, 0.029061, 0.503961, 2.633716, -0.295724, -0.565081
0.112977, 0.862293, 0.028689, 0.492812, 2.633716, -0.295724, -0.565081
0.113140, 0.868770, 0.028288, 0.481287, 2.633716, -0.295724, -0.565081
0.113067, 0.875089, 0.027923, 0.469740, 2.633716, -0.295724, -0.565081
0.112008, 0.881049, 0.027320, 0.458760, 2.633716, -0.295724, -0.565081
0.120195, 0.985686, 0.038953, 0.111620, 2.497951, -1.482411, -0.609815
0.118572, 0.987220, 0.038560, 0.099246, 2.497951, -1.482411, -0.609815
0.116715, 0.988598, 0.038449, 0.087028, 2.497951, -1.482411, -0.609815
0.114752, 0.989837, 0.038441, 0.074683, 2.497951, -1.482411, -0.609815
0.112615, 0.990931, 0.038499, 0.062389, 2.497951, -1.482411, -0.609815
0.110560, 0.991853, 0.038592, 0.050158, 2.497951, -1.482411, -0.609815
0.108576, 0.992615, 0.038547, 0.037957, 2.497951, -1.482411, -0.609815
0.106517, 0.993237, 0.038398, 0.025688, 2.497951, -1.482411, -0.609815
0.104570, 0.993684, 0.038326, 0.013717, 2.497951, -1.482411, -0.609815
0.103122, 0.993935, 0.038159, 0.001429, 2.497951, -1.482411, -0.609815
0.097925, 0.940858, 0.048210, -0.320738, 2.407654, -2.537967, -0.662276
0.095966, 0.937024, 0.048505, -0.332301, 2.407654, -2.537967, -0.662276
0.094153, 0.932930, 0.048742, -0.344094, 2.407654, -2.537967, -0.662276
0.092221, 0.928785, 0.048878, -0.355619, 2.407654, -2.537967, -0.662276
0.090204, 0.924488, 0.049124, -0.367112, 2.407654, -2.537967, -0.662276
0.088297, 0.919978, 0.049209, -0.378712, 2.407654, -2.537967, -0.662276
0.086294, 0.915432, 0.049152, -0.390027, 2.407654, -2.537967, -0.662276
0.084410, 0.910665, 0.049318, -0.401411, 2.407654, -2.537967, -0.662276
0.082450, 0.905728, 0.049188, -0.412842, 2.407654, -2.537967, -0.662276
0.081143, 0.900391, 0.049031, -0.424627, 2.407654, -2.537967, -0.662276
0.072686, 0.828206, 0.053000, -0.553156, 2.384640, -2.978120, -0.675557
0.071247, 0.821013, 0.052538, -0.564004, 2.384640, -2.978120, -0.675557
0.070035, 0.813552, 0.052014, -0.574911, 2.384640, -2.978120, -0.675557
0.068628, 0.806069, 0.051684, -0.585553, 2.384640, -2.978120, -0.675557
0.067363, 0.798392, 0.051095, -0.596173, 2.384640, -2.978120, -0.675557
0.066074, 0.790595, 0.050798, -0.606641, 2.384640, -2.978120, -0.675557
0.064817, 0.782636, 0.050270, -0.617051, 2.384640, -2.978120, -0.675557
0.063680, 0.774545, 0.049587, -0.627348, 2.384640, -2.978120, -0.675557
0.062328, 0.766494, 0.049122, -0.637330, 2.384640, -2.978120, -0.675557
0.060086, 0.758842, 0.048804, -0.646658, 2.384640, -2.978120, -0.675557
0.046892, 0.746263, 0.047102, -0.662325, 2.360496, -3.005718, -0.650455
0.044455, 0.738325, 0.046462, -0.671372, 2.360496, -3.005718, -0.650455
0.042173, 0.730250, 0.046005, -0.680323, 2.360496, -3.005718, -0.650455
0.039968, 0.722048, 0.045338, -0.689198, 2.360496, -3.005718, -0.650455
0.037568, 0.713538, 0.044705, -0.698179, 2.360496, -3.005718, -0.650455
0.035239, 0.705262, 0.043899, -0.706708, 2.360496, -3.005718, -0.650455
0.032979, 0.696723, 0.043130, -0.715283, 2.360496, -3.005718, -0.650455
0.030655, 0.687953, 0.042320, -0.723871, 2.360496, -3.005718, -0.650455
0.028249, 0.679236, 0.041636, -0.732193, 2.360496, -3.005718, -0.650455
0.026456, 0.670054, 0.040560, -0.740731, 2.360496, -3.005718, -0.650455
0.040716, 0.670758, 0.048818, -0.738947, 2.417421, -2.958393, -0.666793
0.038878, 0.661337, 0.047909, -0.747547, 2.417421, -2.958393, -0.666793
0.036960, 0.652002, 0.047067, -0.755851, 2.417421, -2.958393, -0.666793
0.034834, 0.642434, 0.046254, -0.764150, 2.417421, -2.958393, -0.666793
0.032663, 0.632819, 0.045182, -0.772290, 2.417421, -2.958393, -0.666793
0.030784, 0.623130, 0.044170, -0.780263, 2.417421, -2.958393, -0.666793
0.028734, 0.613270, 0.043093, -0.788173, 2.417421, -2.958393, -0.666793
0.026868, 0.603336, 0.042043, -0.795925, 2.417421, -2.958393, -0.666793
0.024925, 0.593450, 0.040832, -0.803448, 2.417421, -2.958393, -0.666793
0.023574, 0.582960, 0.040108, -0.811168, 2.417421, -2.958393, -0.666793
0.020051, 0.601017, 0.026448, -0.798547, 2.381601, -2.843906, -0.685672
0.018920, 0.590429, 0.025437, -0.806467, 2.381601, -2.843906, -0.685672
0.017959, 0.580065, 0.024403, -0.814006, 2.381601, -2.843906, -0.685672
0.017172, 0.569562, 0.023270, -0.821440, 2.381601, -2.843906, -0.685672
0.016331, 0.559014, 0.022320, -0.828697, 2.381601, -2.843906, -0.685672
0.015576, 0.548160, 0.021084, -0.835962, 2.381601, -2.843906, -0.685672
0.014829, 0.537431, 0.020038, -0.842939, 2.381601, -2.843906, -0.685672
0.014106, 0.526332, 0.018817, -0.849954, 2.381601, -2.843906, -0.685672
0.013174, 0.515300, 0.017720, -0.856725, 2.381601, -2.843906, -0.685672
0.011567, 0.504691, 0.016645, -0.863062, 2.381601, -2.843906, -0.685672
0.019157, 0.515279, 0.015491, -0.856668, 2.404237, -2.763036, -0.701593
0.017626, 0.504667, 0.014538, -0.863011, 2.404237, -2.763036, -0.701593
0.016157, 0.493837, 0.013606, -0.869298, 2.404237, -2.763036, -0.701593
0.014724, 0.483095, 0.012362, -0.875357, 2.404237, -2.763036, -0.701593
0.013215, 0.472643, 0.011386, -0.881081, 2.404237, -2.763036, -0.701593
0.011889, 0.461815, 0.010087, -0.886839, 2.404237, -2.763036, -0.701593
0.010376, 0.450893, 0.008925, -0.892473, 2.404237, -2.763036, -0.701593
0.009213, 0.439745, 0.007908, -0.898041, 2.404237, -2.763036, -0.701593
0.008071, 0.428688, 0.006874, -0.903390, 2.404237, -2.763036, -0.701593
0.006725, 0.417689, 0.006577, -0.908541, 2.404237, -2.763036, -0.701593
0.003140, 0.434819, 0.014715, -0.900392, 2.411643, -2.663598, -0.671308
0.001711, 0.423872, 0.014409, -0.905606, 2.411643, -2.663598, -0.671308
0.000435, 0.413082, 0.013687, -0.910591, 2.411643, -2.663598, -0.671308
-0.000900, 0.401921, 0.013092, -0.915580, 2.411643, -2.663598, -0.671308
-0.002288, 0.390975, 0.012341, -0.920316, 2.411643, -2.663598, -0.671308
-0.003784, 0.380078, 0.011711, -0.924872, 2.411643, -2.663598, -0.671308
-0.005048, 0.368865, 0.011241, -0.929401, 2.411643, -2.663598, -0.671308
-0.006346, 0.357548, 0.010584, -0.933813, 2.411643, -2.663598, -0.671308
-0.007580, 0.346397, 0.009951, -0.938004, 2.411643, -2.663598, -0.671308
-0.008443, 0.334742, 0.008403, -0.942235, 2.411643, -2.663598, -0.671308
0.002348, 0.339828, 0.002784, -0.940480, 2.438898, -2.604336, -0.699533
0.001452, 0.327818, 0.001369, -0.944739, 2.438898, -2.604336, -0.699533
0.000835, 0.315919, -0.000251, -0.948786, 2.438898, -2.604336, -0.699533
-0.000092, 0.303972, -0.001737, -0.952679, 2.438898, -2.604336, -0.699533
-0.000636, 0.291883, -0.003203, -0.956449, 2.438898, -2.604336, -0.699533
-0.001265, 0.279866, -0.004473, -0.960028, 2.438898, -2.604336, -0.699533
-0.001941, 0.267785, -0.006228, -0.963457, 2.438898, -2.604336, -0.699533
-0.002427, 0.255524, -0.007758, -0.966769, 2.438898, -2.604336, -0.699533
-0.003029, 0.243250, -0.009473, -0.969913, 2.438898, -2.604336, -0.699533
-0.003162, 0.230476, -0.010961, -0.973011, 2.438898, -2.604336, -0.699533
-0.003313, 0.246254, -0.007515, -0.969171, 2.444413, -2.509784, -0.683168
-0.003369, 0.233611, -0.009230, -0.972280, 2.444413, -2.509784, -0.683168
-0.003595, 0.220900, -0.010799, -0.975230, 2.444413, -2.509784, -0.683168
-0.003847, 0.208204, -0.012634, -0.977996, 2.444413, -2.509784, -0.683168
-0.003827, 0.195484, -0.014446, -0.980593, 2.444413, -2.509784, -0.683168
-0.004093, 0.182742, -0.015981, -0.983022, 2.444413, -2.509784, -0.683168
-0.004014, 0.169938, -0.017804, -0.985286, 2.444413, -2.509784, -0.683168
-0.004072, 0.157204, -0.019848, -0.987358, 2.444413, -2.509784, -0.683168
-0.004104, 0.144262, -0.021564, -0.989296, 2.444413, -2.509784, -0.683168
-0.004757, 0.132137, -0.023372, -0.990945, 2.444413, -2.509784, -0.683168
-0.011686, 0.161652, -0.033018, -0.986226, 2.419617, -2.373358, -0.703521
-0.012498, 0.149602, -0.034742, -0.988057, 2.419617, -2.373358, -0.703521
-0.012975, 0.137676, -0.036712, -0.989712, 2.419617, -2.373358, -0.703521
-0.013578, 0.125593, -0.038595, -0.991238, 2.419617, -2.373358, -0.703521
-0.013973, 0.113406, -0.040475, -0.992626, 2.419617, -2.373358, -0.703521
-0.014422, 0.101346, -0.042309, -0.993847, 2.419617, -2.373358, -0.703521
-0.014742, 0.089162, -0.044326, -0.994921, 2.419617, -2.373358, -0.703521
-0.015477, 0.076972, -0.046108, -0.995846, 2.419617, -2.373358, -0.703521
-0.015908, 0.064975, -0.047894, -0.996610, 2.419617, -2.373358, -0.703521
-0.016132, 0.052967, -0.049788, -0.997224, 2.419617, -2.373358, -0.703521
-0.005791, 0.052545, -0.033957, -0.998024, 2.465225, -2.336066, -0.653417
-0.006360, 0.040411, -0.035782, -0.998522, 2.465225, -2.336066, -0.653417
-0.007000, 0.028259, -0.037515, -0.998872, 2.465225, -2.336066, -0.653417
-0.007623, 0.016423, -0.039214, -0.999067, 2.465225, -2.336066, -0.653417
-0.008291, 0.004328, -0.040908, -0.999119, 2.465225, -2.336066, -0.653417
-0.008468, -0.007907, -0.042409, -0.999033, 2.465225, -2.336066, -0.653417
-0.008675, -0.020111, -0.044176, -0.998784, 2.465225, -2.336066, -0.653417
-0.009036, -0.032263, -0.046025, -0.998378, 2.465225, -2.336066, -0.653417
-0.009121, -0.044413, -0.047604, -0.997837, 2.465225, -2.336066, -0.653417
-0.009436, -0.056936, -0.048759, -0.997142, 2.465225, -2.336066, -0.653417
-0.002665, -0.044609, -0.049249, -0.997786, 2.490391, -2.255774, -0.653135
-0.002558, -0.056927, -0.050042, -0.997120, 2.490391, -2.255774, -0.653135
-0.002771, -0.069536, -0.050957, -0.996273, 2.490391, -2.255774, -0.653135
-0.003031, -0.082103, -0.051755, -0.995275, 2.490391, -2.255774, -0.653135
-0.002987, -0.094449, -0.052893, -0.994119, 2.490391, -2.255774, -0.653135
-0.002948, -0.106808, -0.053835, -0.992817, 2.490391, -2.255774, -0.653135
-0.002852, -0.119399, -0.054911, -0.991323, 2.490391, -2.255774, -0.653135
-0.002868, -0.131922, -0.055913, -0.989678, 2.490391, -2.255774, -0.653135
-0.002685, -0.144430, -0.056827, -0.987878, 2.490391, -2.255774, -0.653135
-0.002056, -0.156974, -0.058358, -0.985875, 2.490391, -2.255774, -0.653135
-0.003252, -0.132835, -0.068758, -0.988745, 2.490996, -2.135517, -0.682454
-0.002557, -0.145453, -0.070271, -0.986863, 2.490996, -2.135517, -0.682454
-0.001806, -0.158101, -0.071616, -0.984821, 2.490996, -2.135517, -0.682454
-0.001091, -0.170848, -0.073071, -0.982583, 2.490996, -2.135517, -0.682454
-0.000207, -0.183565, -0.074370, -0.980190, 2.490996, -2.135517, -0.682454
0.000646, -0.196310, -0.075741, -0.977612, 2.490996, -2.135517, -0.682454
0.001654, -0.209076, -0.077120, -0.974852, 2.490996, -2.135517, -0.682454
0.002491, -0.221483, -0.078524, -0.971994, 2.490996, -2.135517, -0.682454
0.003359, -0.233949, -0.079922, -0.968953, 2.490996, -2.135517, -0.682454
0.004373, -0.245741, -0.082054, -0.965846, 2.490996, -2.135517, -0.682454
0.011782, -0.241421, -0.073011, -0.967598, 2.510075, -2.081974, -0.642207
0.012810, -0.253378, -0.074990, -0.964371, 2.510075, -2.081974, -0.642207
0.013912, -0.265418, -0.077015, -0.960952, 2.510075, -2.081974, -0.642207
0.014957, -0.277196, -0.078756, -0.957463, 2.510075, -2.081974, -0.642207
0.016260, -0.288981, -0.080764, -0.953783, 2.510075, -2.081974, -0.642207
0.017660, -0.300898, -0.082615, -0.949907, 2.510075, -2.081974, -0.642207
0.009286, -0.292936, -0.083406, -0.952442, 2.477473, -2.000961, -0.642770
0.010714, -0.304716, -0.085414, -0.948545, 2.477473, -2.000961, -0.642770
0.012102, -0.316401, -0.087669, -0.944488, 2.477473, -2.000961, -0.642770
0.013841, -0.328678, -0.089168, -0.940121, 2.477473, -2.000961, -0.642770
0.015211, -0.340840, -0.090810, -0.935602, 2.477473, -2.000961, -0.642770
0.016795, -0.352804, -0.092317, -0.930981, 2.477473, -2.000961, -0.642770
0.018394, -0.364735, -0.093874, -0.926184, 2.477473, -2.000961, -0.642770
0.019880, -0.376593, -0.095674, -0.921210, 2.477473, -2.000961, -0.642770
0.021505, -0.388447, -0.097081, -0.916090, 2.477473, -2.000961, -0.642770
0.023152, -0.400108, -0.098619, -0.910852, 2.477473, -2.000961, -0.642770
0.019761, -0.382340, -0.096365, -0.918771, 2.465267, -1.894016, -0.630953
0.021486, -0.394099, -0.097863, -0.913590, 2.465267, -1.894016, -0.630953
0.023179, -0.405870, -0.099125, -0.908243, 2.465267, -1.894016, -0.630953
0.023767, -0.416936, -0.100536, -0.903046, 2.465267, -1.894016, -0.630953
0.024337, -0.428025, -0.101868, -0.897678, 2.465267, -1.894016, -0.630953
0.024760, -0.438953, -0.103212, -0.892219, 2.465267, -1.894016, -0.630953
0.025181, -0.449763, -0.104189, -0.886693, 2.465267, -1.894016, -0.630953
0.025506, -0.460433, -0.105510, -0.881033, 2.465267, -1.894016, -0.630953
0.026182, -0.471268, -0.106674, -0.875124, 2.465267, -1.894016, -0.630953
0.026964, -0.481962, -0.107793, -0.869118, 2.465267, -1.894016, -0.630953
0.027031, -0.466916, -0.109441, -0.877087, 2.471325, -1.799685, -0.627016
0.027782, -0.477762, -0.110609, -0.871055, 2.471325, -1.799685, -0.627016
0.028524, -0.488208, -0.111712, -0.865078, 2.471325, -1.799685, -0.627016
0.030007, -0.499088, -0.112893, -0.858642, 2.471325, -1.799685, -0.627016
0.031426, -0.509656, -0.114187, -0.852188, 2.471325, -1.799685, -0.627016
0.033079, -0.520239, -0.115278, -0.845558, 2.471325, -1.799685, -0.627016
0.034472, -0.530502, -0.116481, -0.838935, 2.471325, -1.799685, -0.627016
0.035832, -0.540811, -0.117581, -0.832115, 2.471325, -1.799685, -0.627016
0.037309, -0.551214, -0.118668, -0.825039, 2.471325, -1.799685, -0.627016
0.038752, -0.561404, -0.119599, -0.817937, 2.471325, -1.799685, -0.627016
0.044827, -0.548660, -0.120498, -0.826101, 2.491091, -1.712317, -0.612456
0.046419, -0.558776, -0.121459, -0.819062, 2.491091, -1.712317, -0.612456
0.047945, -0.568862, -0.122257, -0.811881, 2.491091, -1.712317, -0.612456
0.049455, -0.578661, -0.123409, -0.804659, 2.491091, -1.712317, -0.612456
0.051096, -0.588188, -0.124726, -0.797413, 2.491091, -1.712317, -0.612456
0.052861, -0.597799, -0.125817, -0.789945, 2.491091, -1.712317, -0.612456
0.054494, -0.607357, -0.126750, -0.782357, 2.491091, -1.712317, -0.612456
0.056013, -0.616722, -0.127871, -0.774703, 2.491091, -1.712317, -0.612456
0.057872, -0.625929, -0.128729, -0.767002, 2.491091, -1.712317, -0.612456
0.059550, -0.635112, -0.129752, -0.759112, 2.491091, -1.712317, -0.612456
0.059588, -0.623971, -0.130625, -0.768145, 2.491880, -1.626643, -0.605185
0.061262, -0.633103, -0.131789, -0.760302, 2.491880, -1.626643, -0.605185
0.063096, -0.642340, -0.132720, -0.752199, 2.491880, -1.626643, -0.605185
0.064998, -0.651947, -0.133412, -0.743600, 2.491880, -1.626643, -0.605185
0.066824, -0.661433, -0.133853, -0.734932, 2.491880, -1.626643, -0.605185
0.068622, -0.670987, -0.134367, -0.725956, 2.491880, -1.626643, -0.605185
0.070475, -0.680180, -0.134887, -0.717073, 2.491880, -1.626643, -0.605185
0.072385, -0.689320, -0.135444, -0.707992, 2.491880, -1.626643, -0.605185
0.074139, -0.698399, -0.135902, -0.698765, 2.491880, -1.626643, -0.605185
0.076060, -0.707127, -0.135997, -0.689703, 2.491880, -1.626643, -0.605185
0.078967, -0.695620, -0.133948, -0.701380, 2.493811, -1.534429, -0.584610
0.080968, -0.704549, -0.134317, -0.692108, 2.493811, -1.534429, -0.584610
0.082950, -0.713262, -0.134742, -0.682804, 2.493811, -1.534429, -0.584610
0.085949, -0.721264, -0.135430, -0.673832, 2.493811, -1.534429, -0.584610
0.088870, -0.729249, -0.136082, -0.664665, 2.493811, -1.534429, -0.584610
0.091870, -0.737124, -0.136641, -0.655391, 2.493811, -1.534429, -0.584610
0.094951, -0.744853, -0.137071, -0.646057, 2.493811, -1.534429, -0.584610
0.097958, -0.752515, -0.137647, -0.636537, 2.493811, -1.534429, -0.584610
0.100947, -0.760010, -0.138197, -0.626974, 2.493811, -1.534429, -0.584610
0.104039, -0.767470, -0.138655, -0.617204, 2.493811, -1.534429, -0.584610
0.095989, -0.756719, -0.136955, -0.631986, 2.464556, -1.433027, -0.589562
0.098987, -0.764107, -0.137697, -0.622400, 2.464556, -1.433027, -0.589562
0.102109, -0.771512, -0.138204, -0.612570, 2.464556, -1.433027, -0.589562
0.104374, -0.779093, -0.138152, -0.602523, 2.464556, -1.433027, -0.589562
0.106665, -0.786522, -0.138396, -0.592327, 2.464556, -1.433027, -0.589562
0.108936, -0.793770, -0.138230, -0.582198, 2.464556, -1.433027, -0.589562
0.111175, -0.800815, -0.138341, -0.572011, 2.464556, -1.433027, -0.589562
0.113373, -0.807829, -0.138358, -0.561619, 2.464556, -1.433027, -0.589562
0.115699, -0.814649, -0.138450, -0.551173, 2.464556, -1.433027, -0.589562
0.118110, -0.821341, -0.138843, -0.540529, 2.464556, -1.433027, -0.589562
0.121526, -0.802517, -0.141663, -0.566682, 2.473421, -1.289830, -0.568724
0.123956, -0.809270, -0.141832, -0.556417, 2.473421, -1.289830, -0.568724
0.126594, -0.816075, -0.141691, -0.545820, 2.473421, -1.289830, -0.568724
0.128701, -0.823106, -0.141212, -0.534783, 2.473421, -1.289830, -0.568724
0.130817, -0.829990, -0.140535, -0.523692, 2.473421, -1.289830, -0.568724
0.133024, -0.836723, -0.139914, -0.512467, 2.473421, -1.289830, -0.568724
0.135374, -0.843329, -0.139024, -0.501141, 2.473421, -1.289830, -0.568724
0.137233, -0.849759, -0.138204, -0.489874, 2.473421, -1.289830, -0.568724
0.139215, -0.855965, -0.137321, -0.478630, 2.473421, -1.289830, -0.568724
0.141071, -0.862133, -0.136194, -0.467201, 2.473421, -1.289830, -0.568724
0.135819, -0.835016, -0.137921, -0.515053, 2.458870, -1.067705, -0.551712
0.138057, -0.841562, -0.137264, -0.503857, 2.458870, -1.067705, -0.551712
0.140279, -0.848159, -0.136431, -0.492276, 2.458870, -1.067705, -0.551712
0.142732, -0.853884, -0.136210, -0.481619, 2.458870, -1.067705, -0.551712
0.144967, -0.859554, -0.136022, -0.470796, 2.458870, -1.067705, -0.551712
0.147581, -0.865078, -0.135810, -0.459799, 2.458870, -1.067705, -0.551712
0.149849, -0.870535, -0.135414, -0.448750, 2.458870, -1.067705, -0.551712
0.152233, -0.875739, -0.135311, -0.437718, 2.458870, -1.067705, -0.551712
0.154363, -0.880831, -0.134983, -0.426719, 2.458870, -1.067705, -0.551712
0.156509, -0.885823, -0.134394, -0.415645, 2.458870, -1.067705, -0.551712
0.151372, -0.833942, -0.129786, -0.514571, 2.412848, -0.670138, -0.488888
0.153799, -0.839973, -0.129337, -0.504046, 2.412848, -0.670138, -0.488888
0.156581, -0.845741, -0.128778, -0.493579, 2.412848, -0.670138, -0.488888
0.159573, -0.851698, -0.127489, -0.482590, 2.412848, -0.670138, -0.488888
0.162581, -0.857418, -0.126277, -0.471652, 2.412848, -0.670138, -0.488888
0.165432, -0.863074, -0.124961, -0.460566, 2.412848, -0.670138, -0.488888
0.168518, -0.868592, -0.123525, -0.449324, 2.412848, -0.670138, -0.488888
0.171562, -0.873993, -0.122129, -0.437934, 2.412848, -0.670138, -0.488888
0.174398, -0.879374, -0.120647, -0.426298, 2.412848, -0.670138, -0.488888
0.177140, -0.884640, -0.119041, -0.414564, 2.412848, -0.670138, -0.488888
0.194409, -0.964921, -0.131245, -0.117930, 2.589865, -1.634603, -0.637312
0.197151, -0.966030, -0.129893, -0.105101, 2.589865, -1.634603, -0.637312
0.199936, -0.966940, -0.128459, -0.092475, 2.589865, -1.634603, -0.637312
0.202313, -0.967593, -0.127852, -0.080536, 2.589865, -1.634603, -0.637312
0.204698, -0.968091, -0.127285, -0.068534, 2.589865, -1.634603, -0.637312
0.206869, -0.968520, -0.126405, -0.056527, 2.589865, -1.634603, -0.637312
0.209010, -0.968780, -0.125696, -0.044511, 2.589865, -1.634603, -0.637312
0.211084, -0.968928, -0.124761, -0.032515, 2.589865, -1.634603, -0.637312
0.213100, -0.968926, -0.123909, -0.020445, 2.589865, -1.634603, -0.637312
0.215330, -0.968743, -0.122880, -0.008368, 2.589865, -1.634603, -0.637312
0.214000, -0.926239, -0.129303, 0.282073, 2.812270, -2.543916, -0.752172
0.215739, -0.922337, -0.128876, 0.293499, 2.812270, -2.543916, -0.752172
0.217452, -0.918392, -0.128181, 0.304698, 2.812270, -2.543916, -0.752172
0.219548, -0.914282, -0.127685, 0.315569, 2.812270, -2.543916, -0.752172
0.221531, -0.909922, -0.127293, 0.326746, 2.812270, -2.543916, -0.752172
0.223539, -0.905539, -0.126850, 0.337548, 2.812270, -2.543916, -0.752172
0.225613, -0.901012, -0.126120, 0.348382, 2.812270, -2.543916, -0.752172
0.227506, -0.896324, -0.125677, 0.359236, 2.812270, -2.543916, -0.752172
0.229210, -0.891504, -0.125127, 0.370170, 2.812270, -2.543916, -0.752172
0.231133, -0.886627, -0.124783, 0.380656, 2.812270, -2.543916, -0.752172
0.218110, -0.822545, -0.114156, 0.512656, 2.904912, -2.974683, -0.817149
0.219857, -0.815984, -0.113910, 0.522358, 2.904912, -2.974683, -0.817149
0.221675, -0.809250, -0.113417, 0.532082, 2.904912, -2.974683, -0.817149
0.222913, -0.802003, -0.111588, 0.542816, 2.904912, -2.974683, -0.817149
0.224146, -0.794571, -0.109773, 0.553503, 2.904912, -2.974683, -0.817149
0.225273, -0.786814, -0.107872, 0.564392, 2.904912, -2.974683, -0.817149
0.226401, -0.779040, -0.106106, 0.574961, 2.904912, -2.974683, -0.817149
0.227686, -0.771138, -0.104190, 0.585362, 2.904912, -2.974683, -0.817149
0.228730, -0.763115, -0.102234, 0.595723, 2.904912, -2.974683, -0.817149
0.229843, -0.754870, -0.100167, 0.606061, 2.904912, -2.974683, -0.817149
0.222988, -0.734375, -0.090428, 0.634660, 2.914024, -3.046929, -0.850269
0.223787, -0.725837, -0.088599, 0.644384, 2.914024, -3.046929, -0.850269
0.224859, -0.716988, -0.086894, 0.654077, 2.914024, -3.046929, -0.850269
0.226802, -0.708341, -0.085558, 0.662943, 2.914024, -3.046929, -0.850269
0.228521, -0.699638, -0.084249, 0.671704, 2.914024, -3.046929, -0.850269
0.230119, -0.690794, -0.082877, 0.680426, 2.914024, -3.046929, -0.850269
0.231839, -0.681886, -0.081420, 0.688951, 2.914024, -3.046929, -0.850269
0.233743, -0.672840, -0.079881, 0.697330, 2.914024, -3.046929, -0.850269
0.235322, -0.663738, -0.078462, 0.705634, 2.914024, -3.046929, -0.850269
0.237018, -0.654389, -0.076860, 0.713926, 2.914024, -3.046929, -0.850269
0.232078, -0.663034, -0.079839, 0.707214, 2.922630, -2.968480, -0.865175
0.233960, -0.653682, -0.078289, 0.715425, 2.922630, -2.968480, -0.865175
0.235629, -0.644301, -0.076865, 0.723496, 2.922630, -2.968480, -0.865175
0.236914, -0.635153, -0.076296, 0.731185, 2.922630, -2.968480, -0.865175
0.238324, -0.625930, -0.075648, 0.738709, 2.922630, -2.968480, -0.865175
0.239641, -0.616669, -0.074920, 0.746109, 2.922630, -2.968480, -0.865175
0.241029, -0.607524, -0.074393, 0.753184, 2.922630, -2.968480, -0.865175
0.242329, -0.598011, -0.073544, 0.760428, 2.922630, -2.968480, -0.865175
0.243595, -0.588384, -0.072881, 0.767563, 2.922630, -2.968480, -0.865175
0.244936, -0.578740, -0.072195, 0.774502, 2.922630, -2.968480, -0.865175
0.247132, -0.590545, -0.056879, 0.766125, 2.871117, -2.896894, -0.908687
0.248283, -0.580820, -0.056192, 0.773205, 2.871117, -2.896894, -0.908687
0.249677, -0.571198, -0.055408, 0.779951, 2.871117, -2.896894, -0.908687
0.250789, -0.560626, -0.053513, 0.787362, 2.871117, -2.896894, -0.908687
0.251599, -0.550029, -0.051458, 0.794681, 2.871117, -2.896894, -0.908687
0.252292, -0.539279, -0.049549, 0.801918, 2.871117, -2.896894, -0.908687
0.253217, -0.528579, -0.047744, 0.808830, 2.871117, -2.896894, -0.908687
0.253897, -0.517897, -0.045603, 0.815622, 2.871117, -2.896894, -0.908687
0.254722, -0.507045, -0.043677, 0.822262, 2.871117, -2.896894, -0.908687
0.255418, -0.495893, -0.041649, 0.828926, 2.871117, -2.896894, -0.908687
0.252143, -0.509530, -0.037126, 0.821842, 2.860158, -2.810072, -0.940068
0.252929, -0.498623, -0.035298, 0.828345, 2.860158, -2.810072, -0.940068
0.253838, -0.487524, -0.033235, 0.834735, 2.860158, -2.810072, -0.940068
0.254259, -0.476295, -0.031276, 0.841140, 2.860158, -2.810072, -0.940068
0.254440, -0.464869, -0.029657, 0.847513, 2.860158, -2.810072, -0.940068
0.254544, -0.453369, -0.027795, 0.853751, 2.860158, -2.810072, -0.940068
0.254643, -0.441932, -0.025967, 0.859755, 2.860158, -2.810072, -0.940068
0.254919, -0.430518, -0.024265, 0.865495, 2.860158, -2.810072, -0.940068
0.254995, -0.418832, -0.022662, 0.871232, 2.860158, -2.810072, -0.940068
0.255287, -0.407201, -0.020880, 0.876687, 2.860158, -2.810072, -0.940068
0.255163, -0.422629, -0.010359, 0.869580, 2.832519, -2.722431, -0.984210
0.255246, -0.410719, -0.008440, 0.875265, 2.832519, -2.722431, -0.984210
0.255470, -0.398882, -0.006393, 0.880674, 2.832519, -2.722431, -0.984210
0.255843, -0.387173, -0.004379, 0.885789, 2.832519, -2.722431, -0.984210
0.256243, -0.375492, -0.002585, 0.890696, 2.832519, -2.722431, -0.984210
0.256647, -0.363667, -0.000552, 0.895476, 2.832519, -2.722431, -0.984210
0.256989, -0.351875, 0.001274, 0.900077, 2.832519, -2.722431, -0.984210
0.257625, -0.340268, 0.003167, 0.904343, 2.832519, -2.722431, -0.984210
0.258075, -0.328520, 0.005124, 0.908540, 2.832519, -2.722431, -0.984210
0.258533, -0.316452, 0.007045, 0.912671, 2.832519, -2.722431, -0.984210
0.265567, -0.338040, 0.006660, 0.902861, 2.803427, -2.606612, -0.994837
0.265964, -0.326303, 0.008829, 0.907034, 2.803427, -2.606612, -0.994837
0.266372, -0.314480, 0.010954, 0.911059, 2.803427, -2.606612, -0.994837
0.267374, -0.302924, 0.012750, 0.914650, 2.803427, -2.606612, -0.994837
0.268261, -0.291495, 0.014412, 0.918074, 2.803427, -2.606612, -0.994837
0.269060, -0.280015, 0.016158, 0.921378, 2.803427, -2.606612, -0.994837
0.270023, -0.268421, 0.018141, 0.924505, 2.803427, -2.606612, -0.994837
0.270693, -0.256795, 0.019787, 0.927572, 2.803427, -2.606612, -0.994837
0.271724, -0.245054, 0.021511, 0.930404, 2.803427, -2.606612, -0.994837
0.272598, -0.233281, 0.023274, 0.933128, 2.803427, -2.606612, -0.994837
0.275314, -0.251477, 0.027617, 0.927469, 2.787057, -2.510923, -1.027487
0.276145, -0.239967, 0.029306, 0.930215, 2.787057, -2.510923, -1.027487
0.277038, -0.228378, 0.031343, 0.932798, 2.787057, -2.510923, -1.027487
0.277294, -0.216090, 0.033318, 0.935576, 2.787057, -2.510923, -1.027487
0.277416, -0.203651, 0.035117, 0.938261, 2.787057, -2.510923, -1.027487
0.277566, -0.191296, 0.037321, 0.940729, 2.787057, -2.510923, -1.027487
0.277908, -0.178913, 0.039334, 0.942979, 2.787057, -2.510923, -1.027487
0.278100, -0.166392, 0.041476, 0.945121, 2.787057, -2.510923, -1.027487
0.278084, -0.153896, 0.043448, 0.947152, 2.787057, -2.510923, -1.027487
0.278123, -0.141489, 0.045445, 0.948980, 2.787057, -2.510923, -1.027487
0.264210, -0.148154, 0.053152, 0.951535, 2.826304, -2.460183, -1.073473
0.264026, -0.135609, 0.054972, 0.953351, 2.826304, -2.460183, -1.073473
0.263983, -0.122974, 0.057108, 0.954950, 2.826304, -2.460183, -1.073473
0.263553, -0.110373, 0.058940, 0.956496, 2.826304, -2.460183, -1.073473
0.263428, -0.097829, 0.060570, 0.957793, 2.826304, -2.460183, -1.073473
0.263333, -0.085307, 0.062372, 0.958900, 2.826304, -2.460183, -1.073473
0.263078, -0.072499, 0.064585, 0.959876, 2.826304, -2.460183, -1.073473
0.262660, -0.060011, 0.066532, 0.960719, 2.826304, -2.460183, -1.073473
0.262127, -0.047272, 0.068377, 0.961447, 2.826304, -2.460183, -1.073473
0.262012, -0.034734, 0.070103, 0.961888, 2.826304, -2.460183, -1.073473
0.264117, -0.055264, 0.083439, 0.959284, 2.815885, -2.364890, -1.136943
0.263547, -0.042571, 0.085430, 0.959913, 2.815885, -2.364890, -1.136943
0.262815, -0.030213, 0.087664, 0.960380, 2.815885, -2.364890, -1.136943
0.262564, -0.017840, 0.088544, 0.960678, 2.815885, -2.364890, -1.136943
0.262213, -0.005172, 0.089600, 0.960828, 2.815885, -2.364890, -1.136943
0.261912, 0.007442, 0.090539, 0.960807, 2.815885, -2.364890, -1.136943
0.261723, 0.020006, 0.091526, 0.960585, 2.815885, -2.364890, -1.136943
0.261394, 0.032591, 0.092520, 0.960235, 2.815885, -2.364890, -1.136943
0.261014, 0.045395, 0.093714, 0.959702, 2.815885, -2.364890, -1.136943
0.260550, 0.057847, 0.094723, 0.959059, 2.815885, -2.364890, -1.136943
0.259116, 0.047756, 0.088538, 0.960593, 2.828186, -2.287894, -1.133436
0.258674, 0.060356, 0.089443, 0.959919, 2.828186, -2.287894, -1.133436
0.258435, 0.072879, 0.090507, 0.959014, 2.828186, -2.287894, -1.133436
0.258829, 0.084810, 0.093282, 0.957660, 2.828186, -2.287894, -1.133436
0.258998, 0.096590, 0.096047, 0.956225, 2.828186, -2.287894, -1.133436
0.259416, 0.108111, 0.098936, 0.954582, 2.828186, -2.287894, -1.133436
0.259778, 0.119739, 0.101714, 0.952802, 2.828186, -2.287894, -1.133436
0.260139, 0.131774, 0.104597, 0.950801, 2.828186, -2.287894, -1.133436
0.260597, 0.143384, 0.107431, 0.948677, 2.828186, -2.287894, -1.133436
0.260819, 0.155112, 0.110251, 0.946445, 2.828186, -2.287894, -1.133436
0.257017, 0.140099, 0.115493, 0.949197, 2.852066, -2.206695, -1.161526
0.257170, 0.151745, 0.118405, 0.947004, 2.852066, -2.206695, -1.161526
0.257424, 0.163337, 0.121201, 0.944650, 2.852066, -2.206695, -1.161526
0.257499, 0.175187, 0.123687, 0.942181, 2.852066, -2.206695, -1.161526
0.257662, 0.186885, 0.126203, 0.939551, 2.852066, -2.206695, -1.161526
0.257463, 0.198545, 0.128874, 0.936848, 2.852066, -2.206695, -1.161526
0.257347, 0.210153, 0.131312, 0.934005, 2.852066, -2.206695, -1.161526
0.257595, 0.222011, 0.133887, 0.930822, 2.852066, -2.206695, -1.161526
0.257487, 0.233635, 0.136551, 0.927615, 2.852066, -2.206695, -1.161526
0.257263, 0.245313, 0.139113, 0.924275, 2.852066, -2.206695, -1.161526
0.253695, 0.223370, 0.154424, 0.928385, 2.886829, -2.111900, -1.224985
0.253465, 0.235024, 0.156886, 0.925152, 2.886829, -2.111900, -1.224985
0.253239, 0.246623, 0.159423, 0.921755, 2.886829, -2.111900, -1.224985
0.252632, 0.258470, 0.161852, 0.918245, 2.886829, -2.111900, -1.224985
0.251880, 0.270226, 0.163949, 0.914688, 2.886829, -2.111900, -1.224985
0.250828, 0.282040, 0.165950, 0.911043, 2.886829, -2.111900, -1.224985
0.250062, 0.293659, 0.168192, 0.907163, 2.886829, -2.111900, -1.224985
0.248915, 0.305352, 0.170401, 0.903197, 2.886829, -2.111900, -1.224985
0.247961, 0.316895, 0.172604, 0.899055, 2.886829, -2.111900, -1.224985
0.247155, 0.328210, 0.174830, 0.894778, 2.886829, -2.111900, -1.224985
0.238352, 0.321573, 0.172206, 0.900069, 2.925157, -2.050228, -1.215225
0.237646, 0.332944, 0.174256, 0.895716, 2.925157, -2.050228, -1.215225
0.236655, 0.344249, 0.176343, 0.891286, 2.925157, -2.050228, -1.215225
0.235547, 0.356265, 0.177364, 0.886643, 2.925157, -2.050228, -1.215225
0.234572, 0.368265, 0.178736, 0.881709, 2.925157, -2.050228, -1.215225
0.233358, 0.380048, 0.179874, 0.876786, 2.925157, -2.050228, -1.215225
0.235060, 0.378103, 0.179173, 0.877315, 2.927161, -1.992252, -1.220931
0.234065, 0.389941, 0.180496, 0.872113, 2.927161, -1.992252, -1.220931
0.232915, 0.401433, 0.181828, 0.866914, 2.927161, -1.992252, -1.220931
0.231837, 0.412992, 0.182733, 0.861567, 2.927161, -1.992252, -1.220931
0.230881, 0.424512, 0.184029, 0.855930, 2.927161, -1.992252, -1.220931
0.229796, 0.435869, 0.185134, 0.850257, 2.927161, -1.992252, -1.220931
0.228550, 0.447208, 0.186540, 0.844377, 2.927161, -1.992252, -1.220931
0.227024, 0.458099, 0.188590, 0.838474, 2.927161, -1.992252, -1.220931
0.225241, 0.469176, 0.190330, 0.832415, 2.927161, -1.992252, -1.220931
0.223601, 0.480182, 0.192313, 0.826102, 2.927161, -1.992252, -1.220931
0.223865, 0.464655, 0.197096, 0.833747, 2.950713, -1.898453, -1.244776
0.222314, 0.475614, 0.198941, 0.827520, 2.950713, -1.898453, -1.244776
0.220431, 0.486595, 0.201002, 0.821117, 2.950713, -1.898453, -1.244776
0.218665, 0.497496, 0.203064, 0.814523, 2.950713, -1.898453, -1.244776
0.217000, 0.508027, 0.204940, 0.807972, 2.950713, -1.898453, -1.244776
0.215312, 0.518706, 0.206930, 0.801103, 2.950713, -1.898453, -1.244776
0.213562, 0.529464, 0.208653, 0.794055, 2.950713, -1.898453, -1.244776
0.212668, 0.539397, 0.210577, 0.787071, 2.950713, -1.898453, -1.244776
0.211800, 0.549390, 0.212487, 0.779846, 2.950713, -1.898453, -1.244776
0.211015, 0.559113, 0.214481, 0.772569, 2.950713, -1.898453, -1.244776
0.209263, 0.542143, 0.223410, 0.782546, 2.993105, -1.805298, -1.271295
0.208452, 0.552040, 0.225356, 0.775251, 2.993105, -1.805298, -1.271295
0.207857, 0.561847, 0.227098, 0.767821, 2.993105, -1.805298, -1.271295
0.206844, 0.571545, 0.228994, 0.760338, 2.993105, -1.805298, -1.271295
0.205924, 0.581277, 0.230889, 0.752597, 2.993105, -1.805298, -1.271295
0.204912, 0.590670, 0.232736, 0.744952, 2.993105, -1.805298, -1.271295
0.203685, 0.599978, 0.234666, 0.737205, 2.993105, -1.805298, -1.271295
0.202198, 0.609805, 0.235898, 0.729113, 2.993105, -1.805298, -1.271295
0.200782, 0.619348, 0.237079, 0.721033, 2.993105, -1.805298, -1.271295
0.199085, 0.628815, 0.238458, 0.712807, 2.993105, -1.805298, -1.271295
0.191700, 0.614524, 0.246659, 0.724410, 3.051235, -1.718397, -1.281617
0.190051, 0.624126, 0.247667, 0.716246, 3.051235, -1.718397, -1.281617
0.188282, 0.633682, 0.248898, 0.707847, 3.051235, -1.718397, -1.281617
0.186454, 0.643051, 0.250181, 0.699379, 3.051235, -1.718397, -1.281617
0.184696, 0.652206, 0.251408, 0.690875, 3.051235, -1.718397, -1.281617
0.182849, 0.661353, 0.252507, 0.682216, 3.051235, -1.718397, -1.281617
0.180921, 0.670336, 0.253584, 0.673507, 3.051235, -1.718397, -1.281617
0.179191, 0.678966, 0.255069, 0.664707, 3.051235, -1.718397, -1.281617
0.177357, 0.687507, 0.256814, 0.655688, 3.051235, -1.718397, -1.281617
0.175732, 0.695858, 0.258289, 0.646674, 3.051235, -1.718397, -1.281617
0.169881, 0.687102, 0.255366, 0.658650, 3.078655, -1.635602, -1.256645
0.168231, 0.695360, 0.256914, 0.649745, 3.078655, -1.635602, -1.256645
0.166627, 0.703529, 0.258485, 0.640678, 3.078655, -1.635602, -1.256645
0.164950, 0.711808, 0.260160, 0.631219, 3.078655, -1.635602, -1.256645
0.163249, 0.719835, 0.261642, 0.621877, 3.078655, -1.635602, -1.256645
0.161633, 0.727637, 0.263309, 0.612443, 3.078655, -1.635602, -1.256645
0.160008, 0.735479, 0.264942, 0.602721, 3.078655, -1.635602, -1.256645
0.157713, 0.742928, 0.266942, 0.593234, 3.078655, -1.635602, -1.256645
0.155488, 0.750392, 0.268867, 0.583478, 3.078655, -1.635602, -1.256645
0.153316, 0.757695, 0.270748, 0.573662, 3.078655, -1.635602, -1.256645
0.152279, 0.742789, 0.269347, 0.593741, 3.103631, -1.518007, -1.240967
0.150099, 0.750078, 0.271138, 0.584241, 3.103631, -1.518007, -1.240967
0.147757, 0.757224, 0.273112, 0.574621, 3.103631, -1.518007, -1.240967
0.145342, 0.764455, 0.275037, 0.564659, 3.103631, -1.518007, -1.240967
0.143096, 0.771458, 0.276993, 0.554664, 3.103631, -1.518007, -1.240967
0.140751, 0.778358, 0.278780, 0.544637, 3.103631, -1.518007, -1.240967
0.138517, 0.785122, 0.280531, 0.534508, 3.103631, -1.518007, -1.240967
0.136810, 0.791571, 0.282404, 0.524353, 3.103631, -1.518007, -1.240967
0.134977, 0.798089, 0.284040, 0.513961, 3.103631, -1.518007, -1.240967
0.133243, 0.804422, 0.285644, 0.503546, 3.103631, -1.518007, -1.240967
0.134310, 0.784419, 0.278812, 0.537505, 3.123568, -1.352270, -1.206302
0.132623, 0.790935, 0.280541, 0.527380, 3.123568, -1.352270, -1.206302
0.130920, 0.797424, 0.282493, 0.516888, 3.123568, -1.352270, -1.206302
0.129234, 0.803774, 0.284243, 0.506411, 3.123568, -1.352270, -1.206302
0.127493, 0.809977, 0.285913, 0.495920, 3.123568, -1.352270, -1.206302
0.125725, 0.816010, 0.287561, 0.485416, 3.123568, -1.352270, -1.206302
0.123929, 0.821889, 0.289299, 0.474811, 3.123568, -1.352270, -1.206302
0.121801, 0.828099, 0.289922, 0.464070, 3.123568, -1.352270, -1.206302
0.119518, 0.834148, 0.290800, 0.453153, 3.123568, -1.352270, -1.206302
0.117152, 0.840107, 0.291635, 0.442091, 3.123568, -1.352270, -1.206302
0.106478, 0.803908, 0.288037, 0.509342, 3.201485, -1.084365, -1.124984
0.104197, 0.810565, 0.288870, 0.498680, 3.201485, -1.084365, -1.124984
0.102190, 0.817003, 0.289812, 0.487927, 3.201485, -1.084365, -1.124984
0.100017, 0.823298, 0.290628, 0.477192, 3.201485, -1.084365, -1.124984
0.097680, 0.829541, 0.291519, 0.466195, 3.201485, -1.084365, -1.124984
0.095497, 0.835485, 0.292575, 0.455241, 3.201485, -1.084365, -1.124984
0.093483, 0.841382, 0.293414, 0.444123, 3.201485, -1.084365, -1.124984
0.091188, 0.846868, 0.294705, 0.433184, 3.201485, -1.084365, -1.124984
0.089052, 0.852156, 0.296072, 0.422186, 3.201485, -1.084365, -1.124984
0.086829, 0.857487, 0.297039, 0.411030, 3.201485, -1.084365, -1.124984
0.075652, 0.769274, 0.265323, 0.576280, 3.282575, -0.455942, -0.911321
0.073969, 0.776437, 0.266680, 0.566177, 3.282575, -0.455942, -0.911321
0.072262, 0.783370, 0.268062, 0.556105, 3.282575, -0.455942, -0.911321
0.070317, 0.790220, 0.269612, 0.545817, 3.282575, -0.455942, -0.911321
0.068520, 0.796879, 0.270829, 0.535668, 3.282575, -0.455942, -0.911321
0.066691, 0.803462, 0.272224, 0.525256, 3.282575, -0.455942, -0.911321
0.064803, 0.809977, 0.273493, 0.514723, 3.282575, -0.455942, -0.911321
0.063549, 0.816615, 0.274237, 0.503881, 3.282575, -0.455942, -0.911321
0.062193, 0.823046, 0.275233, 0.492925, 3.282575, -0.455942, -0.911321
0.060622, 0.829338, 0.276190, 0.481916, 3.282575, -0.455942, -0.911321
0.064297, 0.936824, 0.325957, 0.109446, 3.205191, -1.682863, -1.341251
0.061883, 0.938398, 0.325840, 0.097000, 3.205191, -1.682863, -1.341251
0.059687, 0.939657, 0.326111, 0.084462, 3.205191, -1.682863, -1.341251
0.057464, 0.940846, 0.326125, 0.071758, 3.205191, -1.682863, -1.341251
0.055436, 0.941838, 0.326174, 0.058976, 3.205191, -1.682863, -1.341251
0.053337, 0.942666, 0.326166, 0.046376, 3.205191, -1.682863, -1.341251
0.051147, 0.943312, 0.326180, 0.033965, 3.205191, -1.682863, -1.341251
0.048040, 0.943665, 0.326666, 0.021860, 3.205191, -1.682863, -1.341251
0.045207, 0.943813, 0.327228, 0.009768, 3.205191, -1.682863, -1.341251
0.042275, 0.943827, 0.327717, -0.002469, 3.205191, -1.682863, -1.341251
0.031048, 0.884757, 0.330713, -0.326908, 3.207828, -2.706759, -1.679118
0.027959, 0.880652, 0.330584, -0.338207, 3.207828, -2.706759, -1.679118
0.024823, 0.876248, 0.330561, -0.349719, 3.207828, -2.706759, -1.679118
0.021704, 0.871845, 0.330460, -0.360848, 3.207828, -2.706759, -1.679118
0.018737, 0.867149, 0.330445, -0.372165, 3.207828, -2.706759, -1.679118
0.015700, 0.862224, 0.330333, -0.383671, 3.207828, -2.706759, -1.679118
0.012289, 0.857252, 0.330217, -0.394872, 3.207828, -2.706759, -1.679118
0.009309, 0.852490, 0.328456, -0.406561, 3.207828, -2.706759, -1.679118
0.006108, 0.847507, 0.326886, -0.418139, 3.207828, -2.706759, -1.679118
0.003092, 0.842420, 0.325047, -0.429725, 3.207828, -2.706759, -1.679118
0.001144, 0.770196, 0.307831, -0.558602, 3.223343, -3.124919, -1.834662
-0.001836, 0.763401, 0.305849, -0.568922, 3.223343, -3.124919, -1.834662
-0.004730, 0.756416, 0.303803, -0.579238, 3.223343, -3.124919, -1.834662
-0.007784, 0.749263, 0.301741, -0.589488, 3.223343, -3.124919, -1.834662
-0.010963, 0.741930, 0.299468, -0.599783, 3.223343, -3.124919, -1.834662
-0.013835, 0.734375, 0.297163, -0.610079, 3.223343, -3.124919, -1.834662
-0.016917, 0.726859, 0.294919, -0.620010, 3.223343, -3.124919, -1.834662
-0.019003, 0.719039, 0.293950, -0.629456, 3.223343, -3.124919, -1.834662
-0.020941, 0.710916, 0.292956, -0.639012, 3.223343, -3.124919, -1.834662
-0.022909, 0.702679, 0.291877, -0.648480, 3.223343, -3.124919, -1.834662
-0.027539, 0.686333, 0.287572, -0.667451, 3.217767, -3.166726, -1.843022
-0.029422, 0.677854, 0.286486, -0.676442, 3.217767, -3.166726, -1.843022
-0.031274, 0.669296, 0.285370, -0.685295, 3.217767, -3.166726, -1.843022
-0.033007, 0.660548, 0.284368, -0.694062, 3.217767, -3.166726, -1.843022
-0.034827, 0.651595, 0.283014, -0.702932, 3.217767, -3.166726, -1.843022
-0.036680, 0.642611, 0.281645, -0.711605, 3.217767, -3.166726, -1.843022
-0.038414, 0.633634, 0.280258, -0.720061, 3.217767, -3.166726, -1.843022
-0.040043, 0.624313, 0.279641, -0.728307, 3.217767, -3.166726, -1.843022
-0.041671, 0.614991, 0.279033, -0.736336, 3.217767, -3.166726, -1.843022
-0.043343, 0.605460, 0.278222, -0.744400, 3.217767, -3.166726, -1.843022
-0.041415, 0.612804, 0.275514, -0.739492, 3.204238, -3.098240, -1.843667
-0.042763, 0.603307, 0.274512, -0.747552, 3.204238, -3.098240, -1.843667
-0.044272, 0.593861, 0.273526, -0.755349, 3.204238, -3.098240, -1.843667
-0.045660, 0.584151, 0.272746, -0.763081, 3.204238, -3.098240, -1.843667
-0.047166, 0.574444, 0.271796, -0.770660, 3.204238, -3.098240, -1.843667
-0.048804, 0.564808, 0.270927, -0.777951, 3.204238, -3.098240, -1.843667
-0.050346, 0.554910, 0.269969, -0.785275, 3.204238, -3.098240, -1.843667
-0.052614, 0.544745, 0.268490, -0.792715, 3.204238, -3.098240, -1.843667
-0.054513, 0.534660, 0.267001, -0.799923, 3.204238, -3.098240, -1.843667
-0.056403, 0.524548, 0.265306, -0.807020, 3.204238, -3.098240, -1.843667
-0.064838, 0.539075, 0.262289, -0.797746, 3.161181, -3.011971, -1.821322
-0.066729, 0.529027, 0.260613, -0.804834, 3.161181, -3.011971, -1.821322
-0.068448, 0.518874, 0.258842, -0.811841, 3.161181, -3.011971, -1.821322
-0.070293, 0.508616, 0.257260, -0.818649, 3.161181, -3.011971, -1.821322
-0.072176, 0.498367, 0.255741, -0.825238, 3.161181, -3.011971, -1.821322
-0.073972, 0.488027, 0.254072, -0.831748, 3.161181, -3.011971, -1.821322
-0.075758, 0.477408, 0.252129, -0.838316, 3.161181, -3.011971, -1.821322
-0.076982, 0.466505, 0.250323, -0.844858, 3.161181, -3.011971, -1.821322
-0.078373, 0.455662, 0.248323, -0.851214, 3.161181, -3.011971, -1.821322
-0.079781, 0.444788, 0.246455, -0.857356, 3.161181, -3.011971, -1.821322
-0.086071, 0.459992, 0.245984, -0.848818, 3.124630, -2.922035, -1.800895
-0.087233, 0.449041, 0.244170, -0.855064, 3.124630, -2.922035, -1.800895
-0.088360, 0.437956, 0.242189, -0.861238, 3.124630, -2.922035, -1.800895
-0.089629, 0.427031, 0.240231, -0.867122, 3.124630, -2.922035, -1.800895
-0.090703, 0.416062, 0.238065, -0.872921, 3.124630, -2.922035, -1.800895
-0.091775, 0.404916, 0.235996, -0.878593, 3.124630, -2.922035, -1.800895
-0.092945, 0.393609, 0.234087, -0.884102, 3.124630, -2.922035, -1.800895
-0.095050, 0.382675, 0.232429, -0.889102, 3.124630, -2.922035, -1.800895
-0.097429, 0.371563, 0.230651, -0.894007, 3.124630, -2.922035, -1.800895
-0.099797, 0.360399, 0.228770, -0.898787, 3.124630, -2.922035, -1.800895
-0.101955, 0.375411, 0.225729, -0.893151, 3.098547, -2.833887, -1.802734
-0.103993, 0.364252, 0.223863, -0.897993, 3.098547, -2.833887, -1.802734
-0.106122, 0.352802, 0.222288, -0.902694, 3.098547, -2.833887, -1.802734
-0.108080, 0.341389, 0.220440, -0.907292, 3.098547, -2.833887, -1.802734
-0.110099, 0.330094, 0.218501, -0.911687, 3.098547, -2.833887, -1.802734
-0.112069, 0.318623, 0.216564, -0.915980, 3.098547, -2.833887, -1.802734
-0.114140, 0.307185, 0.214748, -0.920051, 3.098547, -2.833887, -1.802734
-0.115682, 0.295728, 0.212847, -0.924045, 3.098547, -2.833887, -1.802734
-0.117342, 0.284215, 0.211150, -0.927830, 3.098547, -2.833887, -1.802734
-0.118814, 0.272603, 0.209237, -0.931553, 3.098547, -2.833887, -1.802734
-0.114182, 0.286831, 0.202720, -0.929298, 3.089544, -2.748259, -1.828543
-0.115633, 0.275174, 0.200880, -0.933036, 3.089544, -2.748259, -1.828543
-0.117188, 0.263778, 0.199141, -0.936499, 3.089544, -2.748259, -1.828543
-0.118475, 0.252122, 0.197228, -0.939946, 3.089544, -2.748259, -1.828543
-0.119778, 0.240547, 0.195508, -0.943169, 3.089544, -2.748259, -1.828543
-0.121144, 0.228806, 0.193663, -0.946291, 3.089544, -2.748259, -1.828543
-0.122619, 0.216931, 0.191919, -0.949249, 3.089544, -2.748259, -1.828543
-0.123458, 0.204882, 0.189925, -0.952213, 3.089544, -2.748259, -1.828543
