0.050021, -0.049724, 0.024695, 0.997204, 0.000000, 0.000000, 0.000000
0.099620, -0.093196, 0.050513, 0.989363, 0.000000, 0.000000, 0.000000
0.148113, -0.130189, 0.078122, 0.977246, 0.000000, 0.000000, 0.000000
0.196306, -0.166744, 0.105317, 0.960505, 0.000000, 0.000000, 0.000000
0.243346, -0.202342, 0.131728, 0.939409, 0.000000, 0.000000, 0.000000
0.289108, -0.237054, 0.157588, 0.913995, 0.000000, 0.000000, 0.000000
0.333691, -0.270440, 0.182724, 0.884378, 0.000000, 0.000000, 0.000000
0.376409, -0.302763, 0.206998, 0.850766, 0.000000, 0.000000, 0.000000
0.417582, -0.333580, 0.230294, 0.813212, 0.000000, 0.000000, 0.000000
0.456821, -0.362890, 0.252295, 0.771992, 0.000000, 0.000000, 0.000000
0.151099, -0.031553, 0.085621, 0.984298, 0.105879, -0.105529, 0.054025
0.199216, -0.065968, 0.106664, 0.971897, 0.105879, -0.105529, 0.054025
0.246601, -0.099832, 0.127321, 0.955516, 0.105879, -0.105529, 0.054025
0.292724, -0.133198, 0.147255, 0.935354, 0.105879, -0.105529, 0.054025
0.337877, -0.165918, 0.166559, 0.911355, 0.105879, -0.105529, 0.054025
0.381573, -0.198090, 0.185319, 0.883640, 0.105879, -0.105529, 0.054025
0.423829, -0.229224, 0.203240, 0.852361, 0.105879, -0.105529, 0.054025
0.464302, -0.259690, 0.220146, 0.817631, 0.105879, -0.105529, 0.054025
0.502782, -0.288850, 0.236340, 0.779692, 0.105879, -0.105529, 0.054025
0.539229, -0.317122, 0.251651, 0.738470, 0.105879, -0.105529, 0.054025
0.138661, 0.106960, 0.097589, 0.979698, 2.042725, -2.199329, 1.105466
0.135365, 0.124262, 0.099155, 0.977959, 2.042725, -2.199329, 1.105466
0.131693, 0.141231, 0.100545, 0.976013, 2.042725, -2.199329, 1.105466
0.128454, 0.158190, 0.102054, 0.973684, 2.042725, -2.199329, 1.105466
0.124789, 0.175274, 0.103416, 0.971088, 2.042725, -2.199329, 1.105466
0.120970, 0.191986, 0.104883, 0.968250, 2.042725, -2.199329, 1.105466
0.117241, 0.208788, 0.106414, 0.965059, 2.042725, -2.199329, 1.105466
0.113504, 0.225576, 0.107920, 0.961554, 2.042725, -2.199329, 1.105466
0.109546, 0.242348, 0.109335, 0.957765, 2.042725, -2.199329, 1.105466
0.105539, 0.259020, 0.110446, 0.953715, 2.042725, -2.199329, 1.105466
-0.002080, 0.354233, 0.047577, 0.933944, 2.299269, -2.451665, 1.343253
-0.013142, 0.375860, 0.043705, 0.925552, 2.299269, -2.451665, 1.343253
-0.024554, 0.397070, 0.039856, 0.916594, 2.299269, -2.451665, 1.343253
-0.036209, 0.418315, 0.036001, 0.906866, 2.299269, -2.451665, 1.343253
-0.047583, 0.439126, 0.032161, 0.896588, 2.299269, -2.451665, 1.343253
-0.059011, 0.459750, 0.028377, 0.885631, 2.299269, -2.451665, 1.343253
-0.070333, 0.479967, 0.024125, 0.874130, 2.299269, -2.451665, 1.343253
-0.081853, 0.500020, 0.020110, 0.861903, 2.299269, -2.451665, 1.343253
-0.092990, 0.519622, 0.016249, 0.849165, 2.299269, -2.451665, 1.343253
-0.104572, 0.538793, 0.012288, 0.835832, 2.299269, -2.451665, 1.343253
-0.036958, 0.493514, 0.041493, 0.867961, 2.111209, -2.206898, 1.178596
-0.042670, 0.508438, 0.040014, 0.859110, 2.111209, -2.206898, 1.178596
-0.048102, 0.523226, 0.038485, 0.849965, 2.111209, -2.206898, 1.178596
-0.053980, 0.537804, 0.036984, 0.840527, 2.111209, -2.206898, 1.178596
-0.059746, 0.552297, 0.035544, 0.830743, 2.111209, -2.206898, 1.178596
-0.065286, 0.566426, 0.034080, 0.820816, 2.111209, -2.206898, 1.178596
-0.070882, 0.580462, 0.032456, 0.810547, 2.111209, -2.206898, 1.178596
-0.076560, 0.594150, 0.030844, 0.800108, 2.111209, -2.206898, 1.178596
-0.082365, 0.607704, 0.029166, 0.789342, 2.111209, -2.206898, 1.178596
-0.087975, 0.620976, 0.027671, 0.778385, 2.111209, -2.206898, 1.178596
-0.046936, 0.582092, 0.069370, 0.808797, 2.047221, -1.998745, 1.004926
-0.049259, 0.592104, 0.071032, 0.801212, 2.047221, -1.998745, 1.004926
-0.051603, 0.602048, 0.072658, 0.793471, 2.047221, -1.998745, 1.004926
-0.053984, 0.611725, 0.074207, 0.785730, 2.047221, -1.998745, 1.004926
-0.056271, 0.621586, 0.076005, 0.777617, 2.047221, -1.998745, 1.004926
-0.058596, 0.630970, 0.077455, 0.769704, 2.047221, -1.998745, 1.004926
-0.061042, 0.640439, 0.078866, 0.761507, 2.047221, -1.998745, 1.004926
-0.063555, 0.649579, 0.080605, 0.753333, 2.047221, -1.998745, 1.004926
-0.065885, 0.658814, 0.082045, 0.744910, 2.047221, -1.998745, 1.004926
-0.068159, 0.667860, 0.083583, 0.736432, 2.047221, -1.998745, 1.004926
-0.051444, 0.667631, 0.089647, 0.737282, 2.006770, -1.955099, 0.964517
-0.052367, 0.675979, 0.091545, 0.729335, 2.006770, -1.955099, 0.964517
-0.053422, 0.684285, 0.093451, 0.721227, 2.006770, -1.955099, 0.964517
-0.054458, 0.692369, 0.095177, 0.713163, 2.006770, -1.955099, 0.964517
-0.055515, 0.700375, 0.096926, 0.704981, 2.006770, -1.955099, 0.964517
-0.056473, 0.708432, 0.098582, 0.696575, 2.006770, -1.955099, 0.964517
-0.057554, 0.716295, 0.100290, 0.688151, 2.006770, -1.955099, 0.964517
-0.058717, 0.724075, 0.102059, 0.679597, 2.006770, -1.955099, 0.964517
-0.059798, 0.731731, 0.103699, 0.671000, 2.006770, -1.955099, 0.964517
-0.061016, 0.739211, 0.105387, 0.662373, 2.006770, -1.955099, 0.964517
-0.063429, 0.756466, 0.093951, 0.644135, 1.983083, -1.997944, 0.992948
-0.064812, 0.764303, 0.094488, 0.634596, 1.983083, -1.997944, 0.992948
-0.065935, 0.772078, 0.095187, 0.624890, 1.983083, -1.997944, 0.992948
-0.067062, 0.779669, 0.095880, 0.615163, 1.983083, -1.997944, 0.992948
-0.068404, 0.787193, 0.096159, 0.605311, 1.983083, -1.997944, 0.992948
-0.069714, 0.794592, 0.096715, 0.595323, 1.983083, -1.997944, 0.992948
-0.071022, 0.801911, 0.097232, 0.585184, 1.983083, -1.997944, 0.992948
-0.072514, 0.808978, 0.097754, 0.575101, 1.983083, -1.997944, 0.992948
-0.073899, 0.815978, 0.098225, 0.564864, 1.983083, -1.997944, 0.992948
-0.075349, 0.822818, 0.099018, 0.554516, 1.983083, -1.997944, 0.992948
-0.092602, 0.828944, 0.099275, 0.542606, 2.015207, -2.003995, 1.028102
-0.095345, 0.835480, 0.099487, 0.531963, 2.015207, -2.003995, 1.028102
-0.097947, 0.841989, 0.099773, 0.521063, 2.015207, -2.003995, 1.028102
-0.100534, 0.848203, 0.100041, 0.510330, 2.015207, -2.003995, 1.028102
-0.103170, 0.854349, 0.100227, 0.499399, 2.015207, -2.003995, 1.028102
-0.106065, 0.860418, 0.100298, 0.488234, 2.015207, -2.003995, 1.028102
-0.108446, 0.866311, 0.100300, 0.477163, 2.015207, -2.003995, 1.028102
-0.111194, 0.871939, 0.100633, 0.466080, 2.015207, -2.003995, 1.028102
-0.113734, 0.877398, 0.100773, 0.455063, 2.015207, -2.003995, 1.028102
-0.116375, 0.882793, 0.101051, 0.443759, 2.015207, -2.003995, 1.028102
-0.105640, 0.887525, 0.106076, 0.435760, 2.003425, -1.989148, 0.988316
-0.107462, 0.892638, 0.106527, 0.424620, 2.003425, -1.989148, 0.988316
-0.109232, 0.897648, 0.107068, 0.413320, 2.003425, -1.989148, 0.988316
-0.110878, 0.902539, 0.107470, 0.401970, 2.003425, -1.989148, 0.988316
-0.112479, 0.907313, 0.107811, 0.390523, 2.003425, -1.989148, 0.988316
-0.114246, 0.911826, 0.108089, 0.379259, 2.003425, -1.989148, 0.988316
-0.115893, 0.916179, 0.108274, 0.368052, 2.003425, -1.989148, 0.988316
-0.117626, 0.920480, 0.108794, 0.356432, 2.003425, -1.989148, 0.988316
-0.119649, 0.924565, 0.108929, 0.344961, 2.003425, -1.989148, 0.988316
-0.121607, 0.928428, 0.109009, 0.333692, 2.003425, -1.989148, 0.988316
-0.112698, 0.937379, 0.103294, 0.312970, 1.973825, -2.019428, 0.964395
-0.113716, 0.941374, 0.102877, 0.300499, 1.973825, -2.019428, 0.964395
-0.114560, 0.945195, 0.102526, 0.288046, 1.973825, -2.019428, 0.964395
-0.115530, 0.948867, 0.102091, 0.275466, 1.973825, -2.019428, 0.964395
-0.116767, 0.952338, 0.101637, 0.262845, 1.973825, -2.019428, 0.964395
-0.117784, 0.955591, 0.101289, 0.250425, 1.973825, -2.019428, 0.964395
-0.118872, 0.958751, 0.100723, 0.237742, 1.973825, -2.019428, 0.964395
-0.119903, 0.961719, 0.100295, 0.225077, 1.973825, -2.019428, 0.964395
-0.120997, 0.964529, 0.099724, 0.212366, 1.973825, -2.019428, 0.964395
-0.121826, 0.967132, 0.099275, 0.199894, 1.973825, -2.019428, 0.964395
-0.140109, 0.961940, 0.112791, 0.205715, 2.027340, -1.960754, 1.005856
-0.142523, 0.963874, 0.113418, 0.194348, 2.027340, -1.960754, 1.005856
-0.145103, 0.965714, 0.113515, 0.182911, 2.027340, -1.960754, 1.005856
-0.147421, 0.967376, 0.113890, 0.171695, 2.027340, -1.960754, 1.005856
-0.149782, 0.968945, 0.114231, 0.160196, 2.027340, -1.960754, 1.005856
-0.152027, 0.970383, 0.114407, 0.148845, 2.027340, -1.960754, 1.005856
-0.154234, 0.971694, 0.114666, 0.137385, 2.027340, -1.960754, 1.005856
-0.156763, 0.972797, 0.114907, 0.126048, 2.027340, -1.960754, 1.005856
-0.159042, 0.973827, 0.114961, 0.114679, 2.027340, -1.960754, 1.005856
-0.161474, 0.974692, 0.115114, 0.103200, 2.027340, -1.960754, 1.005856
-0.154927, 0.979847, 0.102934, 0.072808, 1.991329, -2.020780, 0.981862
-0.156556, 0.980542, 0.102261, 0.059750, 1.991329, -2.020780, 0.981862
-0.158226, 0.981049, 0.101512, 0.046932, 1.991329, -2.020780, 0.981862
-0.159829, 0.981398, 0.100725, 0.034158, 1.991329, -2.020780, 0.981862
-0.161432, 0.981578, 0.099972, 0.021198, 1.991329, -2.020780, 0.981862
-0.163028, 0.981587, 0.099203, 0.008260, 1.991329, -2.020780, 0.981862
-0.164382, 0.981455, 0.098493, -0.004881, 1.991329, -2.020780, 0.981862
-0.165961, 0.981146, 0.097439, -0.017770, 1.991329, -2.020780, 0.981862
-0.167495, 0.980645, 0.096552, -0.030967, 1.991329, -2.020780, 0.981862
-0.169073, 0.979992, 0.095472, -0.043771, 1.991329, -2.020780, 0.981862
-0.175153, 0.978273, 0.099431, -0.049169, 2.004215, -1.997422, 0.995908
-0.177118, 0.977281, 0.098890, -0.061418, 2.004215, -1.997422, 0.995908
-0.179081, 0.976114, 0.098368, -0.073853, 2.004215, -1.997422, 0.995908
-0.180982, 0.974837, 0.097525, -0.086184, 2.004215, -1.997422, 0.995908
-0.182954, 0.973370, 0.096958, -0.098377, 2.004215, -1.997422, 0.995908
-0.184946, 0.971743, 0.096117, -0.110777, 2.004215, -1.997422, 0.995908
-0.186762, 0.970016, 0.095101, -0.123065, 2.004215, -1.997422, 0.995908
-0.188863, 0.968076, 0.094260, -0.135186, 2.004215, -1.997422, 0.995908
-0.190831, 0.965984, 0.093332, -0.147472, 2.004215, -1.997422, 0.995908
-0.192863, 0.963730, 0.092501, -0.159600, 2.004215, -1.997422, 0.995908
-0.201541, 0.960559, 0.084193, -0.172103, 1.982501, -2.004511, 1.016107
-0.203931, 0.957921, 0.082644, -0.184306, 1.982501, -2.004511, 1.016107
-0.206148, 0.955195, 0.080811, -0.196407, 1.982501, -2.004511, 1.016107
-0.208541, 0.952226, 0.079297, -0.208540, 1.982501, -2.004511, 1.016107
-0.211186, 0.949059, 0.077646, -0.220588, 1.982501, -2.004511, 1.016107
-0.213439, 0.945842, 0.076179, -0.232429, 1.982501, -2.004511, 1.016107
-0.215725, 0.942477, 0.074313, -0.244288, 1.982501, -2.004511, 1.016107
-0.218012, 0.938962, 0.072560, -0.256038, 1.982501, -2.004511, 1.016107
-0.220318, 0.935186, 0.070876, -0.268074, 1.982501, -2.004511, 1.016107
-0.222601, 0.931357, 0.068919, -0.279772, 1.982501, -2.004511, 1.016107
-0.211862, 0.928402, 0.076697, -0.295467, 2.017663, -2.007407, 0.979782
-0.213307, 0.924271, 0.075561, -0.307430, 2.017663, -2.007407, 0.979782
-0.214681, 0.919966, 0.074528, -0.319405, 2.017663, -2.007407, 0.979782
-0.215774, 0.915636, 0.073194, -0.331203, 2.017663, -2.007407, 0.979782
-0.217159, 0.911010, 0.072184, -0.343062, 2.017663, -2.007407, 0.979782
-0.218319, 0.906324, 0.071044, -0.354776, 2.017663, -2.007407, 0.979782
-0.219635, 0.901442, 0.069698, -0.366475, 2.017663, -2.007407, 0.979782
-0.220879, 0.896400, 0.068303, -0.378172, 2.017663, -2.007407, 0.979782
-0.222218, 0.891194, 0.066971, -0.389753, 2.017663, -2.007407, 0.979782
-0.223500, 0.885905, 0.065602, -0.401144, 2.017663, -2.007407, 0.979782
-0.233601, 0.880441, 0.057980, -0.408525, 1.990482, -2.002164, 1.001191
-0.235479, 0.874802, 0.056041, -0.419678, 1.990482, -2.002164, 1.001191
-0.237272, 0.869099, 0.054122, -0.430627, 1.990482, -2.002164, 1.001191
-0.239046, 0.863279, 0.052174, -0.441457, 1.990482, -2.002164, 1.001191
-0.240660, 0.857326, 0.050083, -0.452291, 1.990482, -2.002164, 1.001191
-0.242556, 0.851169, 0.048318, -0.462972, 1.990482, -2.002164, 1.001191
-0.244355, 0.844841, 0.046222, -0.473707, 1.990482, -2.002164, 1.001191
-0.246091, 0.838426, 0.044102, -0.484289, 1.990482, -2.002164, 1.001191
-0.247782, 0.831850, 0.042044, -0.494835, 1.990482, -2.002164, 1.001191
-0.249815, 0.825192, 0.039855, -0.505036, 1.990482, -2.002164, 1.001191
-0.248879, 0.815917, 0.030665, -0.520959, 1.977972, -2.025074, 0.986716
-0.250234, 0.808728, 0.028008, -0.531561, 1.977972, -2.025074, 0.986716
-0.251482, 0.801373, 0.025159, -0.542149, 1.977972, -2.025074, 0.986716
-0.253169, 0.793888, 0.022548, -0.552393, 1.977972, -2.025074, 0.986716
-0.254572, 0.786381, 0.019800, -0.562499, 1.977972, -2.025074, 0.986716
-0.255913, 0.778444, 0.016997, -0.572926, 1.977972, -2.025074, 0.986716
-0.257156, 0.770518, 0.014268, -0.583069, 1.977972, -2.025074, 0.986716
-0.258557, 0.762472, 0.011597, -0.593001, 1.977972, -2.025074, 0.986716
-0.259933, 0.754356, 0.008893, -0.602746, 1.977972, -2.025074, 0.986716
-0.261278, 0.746070, 0.005977, -0.612436, 1.977972, -2.025074, 0.986716
-0.263148, 0.742247, 0.016927, -0.616065, 2.007317, -1.992821, 1.006310
-0.264330, 0.734058, 0.015063, -0.625349, 2.007317, -1.992821, 1.006310
-0.265652, 0.725846, 0.013361, -0.634349, 2.007317, -1.992821, 1.006310
-0.266891, 0.717508, 0.011579, -0.643286, 2.007317, -1.992821, 1.006310
-0.268071, 0.709103, 0.009535, -0.652089, 2.007317, -1.992821, 1.006310
-0.269255, 0.700424, 0.007700, -0.660945, 2.007317, -1.992821, 1.006310
-0.270464, 0.691640, 0.005774, -0.669664, 2.007317, -1.992821, 1.006310
-0.271481, 0.682703, 0.003733, -0.678381, 2.007317, -1.992821, 1.006310
-0.272587, 0.673728, 0.001830, -0.686865, 2.007317, -1.992821, 1.006310
-0.273871, 0.664538, -0.000106, -0.695258, 2.007317, -1.992821, 1.006310
-0.277477, 0.656294, -0.006545, -0.701600, 1.991385, -1.990113, 1.003747
-0.278959, 0.647099, -0.008912, -0.709483, 1.991385, -1.990113, 1.003747
-0.279911, 0.637920, -0.011134, -0.717345, 1.991385, -1.990113, 1.003747
-0.281165, 0.628529, -0.013483, -0.725063, 1.991385, -1.990113, 1.003747
-0.282399, 0.619221, -0.015747, -0.732508, 1.991385, -1.990113, 1.003747
-0.283458, 0.609651, -0.018097, -0.740034, 1.991385, -1.990113, 1.003747
-0.284514, 0.600012, -0.020356, -0.747411, 1.991385, -1.990113, 1.003747
-0.285528, 0.590227, -0.022773, -0.754710, 1.991385, -1.990113, 1.003747
-0.286612, 0.580348, -0.025292, -0.761847, 1.991385, -1.990113, 1.003747
-0.287613, 0.570432, -0.027923, -0.768834, 1.991385, -1.990113, 1.003747
-0.282377, 0.557470, -0.021289, -0.780408, 2.027229, -1.998119, 1.011795
-0.282902, 0.546984, -0.023094, -0.787554, 2.027229, -1.998119, 1.011795
-0.283361, 0.536511, -0.024956, -0.794506, 2.027229, -1.998119, 1.011795
-0.283923, 0.525940, -0.026945, -0.801279, 2.027229, -1.998119, 1.011795
-0.284350, 0.515281, -0.028622, -0.807968, 2.027229, -1.998119, 1.011795
-0.284749, 0.504568, -0.030548, -0.814492, 2.027229, -1.998119, 1.011795
-0.285135, 0.493671, -0.032646, -0.820927, 2.027229, -1.998119, 1.011795
-0.285466, 0.482824, -0.034618, -0.827159, 2.027229, -1.998119, 1.011795
-0.285563, 0.472047, -0.036555, -0.833240, 2.027229, -1.998119, 1.011795
-0.285892, 0.461006, -0.038383, -0.839206, 2.027229, -1.998119, 1.011795
-0.296055, 0.456141, -0.050068, -0.837723, 1.981249, -1.978576, 1.001087
-0.297126, 0.445544, -0.052665, -0.842872, 1.981249, -1.978576, 1.001087
-0.298209, 0.435023, -0.055064, -0.847817, 1.981249, -1.978576, 1.001087
-0.299088, 0.424389, -0.057547, -0.852719, 1.981249, -1.978576, 1.001087
-0.299895, 0.413546, -0.060016, -0.857578, 1.981249, -1.978576, 1.001087
-0.300785, 0.402636, -0.062781, -0.862248, 1.981249, -1.978576, 1.001087
-0.301730, 0.391739, -0.065352, -0.866735, 1.981249, -1.978576, 1.001087
-0.302464, 0.380763, -0.068326, -0.871129, 1.981249, -1.978576, 1.001087
-0.303226, 0.369960, -0.071023, -0.875294, 1.981249, -1.978576, 1.001087
-0.304097, 0.358895, -0.073677, -0.879370, 1.981249, -1.978576, 1.001087
-0.303971, 0.346781, -0.080865, -0.883632, 1.977734, -1.986525, 0.989518
-0.304445, 0.335631, -0.083943, -0.887479, 1.977734, -1.986525, 0.989518
-0.305034, 0.324445, -0.087138, -0.891121, 1.977734, -1.986525, 0.989518
-0.305682, 0.313008, -0.090278, -0.894670, 1.977734, -1.986525, 0.989518
-0.306231, 0.301633, -0.093770, -0.898024, 1.977734, -1.986525, 0.989518
-0.306838, 0.290063, -0.097013, -0.901278, 1.977734, -1.986525, 0.989518
-0.307198, 0.278621, -0.100026, -0.904431, 1.977734, -1.986525, 0.989518
-0.307590, 0.267033, -0.103128, -0.907439, 1.977734, -1.986525, 0.989518
-0.307913, 0.255537, -0.106231, -0.910278, 1.977734, -1.986525, 0.989518
-0.308347, 0.244068, -0.109416, -0.912897, 1.977734, -1.986525, 0.989518
-0.302232, 0.226332, -0.107633, -0.919698, 2.003091, -2.004100, 1.001539
-0.302092, 0.214301, -0.110226, -0.922316, 2.003091, -2.004100, 1.001539
-0.301907, 0.202198, -0.113087, -0.924759, 2.003091, -2.004100, 1.001539
-0.301529, 0.189818, -0.115957, -0.927148, 2.003091, -2.004100, 1.001539
-0.301379, 0.177619, -0.118762, -0.929256, 2.003091, -2.004100, 1.001539
-0.301165, 0.165273, -0.121480, -0.931251, 2.003091, -2.004100, 1.001539
-0.300690, 0.153118, -0.124056, -0.933140, 2.003091, -2.004100, 1.001539
-0.300337, 0.140877, -0.126812, -0.934810, 2.003091, -2.004100, 1.001539
-0.299752, 0.128530, -0.129683, -0.936382, 2.003091, -2.004100, 1.001539
-0.299300, 0.116068, -0.132430, -0.937769, 2.003091, -2.004100, 1.001539
-0.299104, 0.103093, -0.130619, -0.939600, 2.006588, -2.001965, 1.015364
-0.298534, 0.090663, -0.133025, -0.940724, 2.006588, -2.001965, 1.015364
-0.297919, 0.078463, -0.135556, -0.941654, 2.006588, -2.001965, 1.015364
-0.297283, 0.066049, -0.137860, -0.942473, 2.006588, -2.001965, 1.015364
-0.296731, 0.053983, -0.140071, -0.943089, 2.006588, -2.001965, 1.015364
-0.295971, 0.041705, -0.142458, -0.943593, 2.006588, -2.001965, 1.015364
-0.295257, 0.029042, -0.144918, -0.943917, 2.006588, -2.001965, 1.015364
-0.294582, 0.016795, -0.147257, -0.944063, 2.006588, -2.001965, 1.015364
-0.293715, 0.004430, -0.149809, -0.944071, 2.006588, -2.001965, 1.015364
-0.293036, -0.007968, -0.152039, -0.943902, 2.006588, -2.001965, 1.015364
-0.299383, -0.013012, -0.162926, -0.940030, 1.982879, -1.983763, 0.986512
-0.298978, -0.024984, -0.165983, -0.939381, 1.982879, -1.983763, 0.986512
-0.298607, -0.036951, -0.168931, -0.938579, 1.982879, -1.983763, 0.986512
-0.298047, -0.048754, -0.172074, -0.937647, 1.982879, -1.983763, 0.986512
-0.297700, -0.060574, -0.175283, -0.936473, 1.982879, -1.983763, 0.986512
-0.297445, -0.072283, -0.178410, -0.935132, 1.982879, -1.983763, 0.986512
-0.288548, -0.090117, -0.182869, -0.935509, 2.009347, -2.010305, 0.987169
-0.287424, -0.102364, -0.186026, -0.933972, 2.009347, -2.010305, 0.987169
-0.286128, -0.114413, -0.189166, -0.932339, 2.009347, -2.010305, 0.987169
-0.284828, -0.126752, -0.192458, -0.930466, 2.009347, -2.010305, 0.987169
-0.283644, -0.138928, -0.195452, -0.928463, 2.009347, -2.010305, 0.987169
-0.282191, -0.151032, -0.198953, -0.926270, 2.009347, -2.010305, 0.987169
-0.280931, -0.163077, -0.202135, -0.923918, 2.009347, -2.010305, 0.987169
-0.279439, -0.174973, -0.205308, -0.921492, 2.009347, -2.010305, 0.987169
-0.277925, -0.187020, -0.208602, -0.918840, 2.009347, -2.010305, 0.987169
-0.276428, -0.199236, -0.211533, -0.916050, 2.009347, -2.010305, 0.987169
-0.281332, -0.211949, -0.203032, -0.913624, 1.989263, -1.997617, 1.020709
-0.280097, -0.223910, -0.205196, -0.910662, 1.989263, -1.997617, 1.020709
-0.279060, -0.235917, -0.207421, -0.907439, 1.989263, -1.997617, 1.020709
-0.277903, -0.247780, -0.209509, -0.904147, 1.989263, -1.997617, 1.020709
-0.276898, -0.259477, -0.211549, -0.900692, 1.989263, -1.997617, 1.020709
-0.275787, -0.271222, -0.213717, -0.897054, 1.989263, -1.997617, 1.020709
-0.274604, -0.282889, -0.215840, -0.893297, 1.989263, -1.997617, 1.020709
-0.273324, -0.294588, -0.217880, -0.889404, 1.989263, -1.997617, 1.020709
-0.272100, -0.306074, -0.219882, -0.885399, 1.989263, -1.997617, 1.020709
-0.270795, -0.317557, -0.222045, -0.881206, 1.989263, -1.997617, 1.020709
-0.264126, -0.330240, -0.230230, -0.876455, 2.006078, -2.009140, 1.007695
-0.262364, -0.341822, -0.232822, -0.871847, 2.006078, -2.009140, 1.007695
-0.260490, -0.353434, -0.235196, -0.867129, 2.006078, -2.009140, 1.007695
-0.258734, -0.364869, -0.237391, -0.862307, 2.006078, -2.009140, 1.007695
-0.257054, -0.376272, -0.239833, -0.857218, 2.006078, -2.009140, 1.007695
-0.255020, -0.387565, -0.241934, -0.852189, 2.006078, -2.009140, 1.007695
-0.253179, -0.398805, -0.244299, -0.846861, 2.006078, -2.009140, 1.007695
-0.251293, -0.409863, -0.246568, -0.841468, 2.006078, -2.009140, 1.007695
-0.249365, -0.421100, -0.248787, -0.835821, 2.006078, -2.009140, 1.007695
-0.247172, -0.431988, -0.251284, -0.830150, 2.006078, -2.009140, 1.007695
-0.246782, -0.446660, -0.247757, -0.823535, 1.993686, -2.013925, 1.024129
-0.244860, -0.457702, -0.249511, -0.817494, 1.993686, -2.013925, 1.024129
-0.242853, -0.468605, -0.251371, -0.811323, 1.993686, -2.013925, 1.024129
-0.240751, -0.479517, -0.253236, -0.804968, 1.993686, -2.013925, 1.024129
-0.238777, -0.490284, -0.255218, -0.798418, 1.993686, -2.013925, 1.024129
-0.236693, -0.501130, -0.256864, -0.791748, 1.993686, -2.013925, 1.024129
-0.234680, -0.511494, -0.258975, -0.785004, 1.993686, -2.013925, 1.024129
-0.232593, -0.522173, -0.260615, -0.778020, 1.993686, -2.013925, 1.024129
-0.230428, -0.532641, -0.262627, -0.770859, 1.993686, -2.013925, 1.024129
-0.228105, -0.542945, -0.264468, -0.763698, 1.993686, -2.013925, 1.024129
-0.227585, -0.548981, -0.271896, -0.756900, 1.999242, -2.005119, 1.004694
-0.225734, -0.558904, -0.273921, -0.749425, 1.999242, -2.005119, 1.004694
-0.223468, -0.568648, -0.275985, -0.741980, 1.999242, -2.005119, 1.004694
-0.221292, -0.578506, -0.278025, -0.734209, 1.999242, -2.005119, 1.004694
-0.219208, -0.588079, -0.280054, -0.726416, 1.999242, -2.005119, 1.004694
-0.217063, -0.597662, -0.281920, -0.718474, 1.999242, -2.005119, 1.004694
-0.214781, -0.607020, -0.283985, -0.710456, 1.999242, -2.005119, 1.004694
-0.212572, -0.616263, -0.286168, -0.702240, 1.999242, -2.005119, 1.004694
-0.210139, -0.625478, -0.287966, -0.694042, 1.999242, -2.005119, 1.004694
-0.207822, -0.634416, -0.289910, -0.685769, 1.999242, -2.005119, 1.004694
-0.208765, -0.636991, -0.299242, -0.679053, 2.009831, -1.989232, 0.979803
-0.206757, -0.645349, -0.301779, -0.670600, 2.009831, -1.989232, 0.979803
-0.204734, -0.653715, -0.304270, -0.661937, 2.009831, -1.989232, 0.979803
-0.202463, -0.661899, -0.306821, -0.653268, 2.009831, -1.989232, 0.979803
-0.200390, -0.669866, -0.309371, -0.644525, 2.009831, -1.989232, 0.979803
-0.198224, -0.677705, -0.311803, -0.635769, 2.009831, -1.989232, 0.979803
-0.196219, -0.685641, -0.314012, -0.626730, 2.009831, -1.989232, 0.979803
-0.193882, -0.693479, -0.316475, -0.617527, 2.009831, -1.989232, 0.979803
-0.191805, -0.701040, -0.318779, -0.608387, 2.009831, -1.989232, 0.979803
-0.189633, -0.708484, -0.321005, -0.599204, 2.009831, -1.989232, 0.979803
-0.184908, -0.715634, -0.323304, -0.590890, 2.015858, -1.988885, 0.984947
-0.182439, -0.722827, -0.325512, -0.581617, 2.015858, -1.988885, 0.984947
-0.179832, -0.730161, -0.327610, -0.572012, 2.015858, -1.988885, 0.984947
-0.177450, -0.737391, -0.329623, -0.562241, 2.015858, -1.988885, 0.984947
-0.175014, -0.744217, -0.331855, -0.552616, 2.015858, -1.988885, 0.984947
-0.172527, -0.750920, -0.334106, -0.542887, 2.015858, -1.988885, 0.984947
-0.170006, -0.757647, -0.336229, -0.532934, 2.015858, -1.988885, 0.984947
-0.167499, -0.764114, -0.338392, -0.523034, 2.015858, -1.988885, 0.984947
-0.164884, -0.770553, -0.340590, -0.512893, 2.015858, -1.988885, 0.984947
-0.162322, -0.776838, -0.342615, -0.502781, 2.015858, -1.988885, 0.984947
-0.156608, -0.788489, -0.336727, -0.490279, 1.999820, -2.002533, 1.006355
-0.153749, -0.794994, -0.337913, -0.479751, 1.999820, -2.002533, 1.006355
-0.151010, -0.801368, -0.339054, -0.469092, 1.999820, -2.002533, 1.006355
-0.147918, -0.807404, -0.340355, -0.458669, 1.999820, -2.002533, 1.006355
-0.145074, -0.813276, -0.341730, -0.448058, 1.999820, -2.002533, 1.006355
-0.142186, -0.819154, -0.343162, -0.437046, 1.999820, -2.002533, 1.006355
-0.139361, -0.824804, -0.344459, -0.426176, 1.999820, -2.002533, 1.006355
-0.136222, -0.830337, -0.345779, -0.415235, 1.999820, -2.002533, 1.006355
-0.133294, -0.835670, -0.347033, -0.404298, 1.999820, -2.002533, 1.006355
-0.130348, -0.840825, -0.348289, -0.393342, 1.999820, -2.002533, 1.006355
-0.124021, -0.844883, -0.352011, -0.383248, 2.012432, -2.002935, 1.010324
-0.120917, -0.849656, -0.353259, -0.372387, 2.012432, -2.002935, 1.010324
-0.117762, -0.854515, -0.354384, -0.361038, 2.012432, -2.002935, 1.010324
-0.114467, -0.859104, -0.355657, -0.349779, 2.012432, -2.002935, 1.010324
-0.111156, -0.863527, -0.356822, -0.338591, 2.012432, -2.002935, 1.010324
-0.107936, -0.867790, -0.358040, -0.327260, 2.012432, -2.002935, 1.010324
-0.104776, -0.872002, -0.358891, -0.315960, 2.012432, -2.002935, 1.010324
-0.101472, -0.875974, -0.360230, -0.304315, 2.012432, -2.002935, 1.010324
-0.097846, -0.879838, -0.361471, -0.292661, 2.012432, -2.002935, 1.010324
-0.094453, -0.883586, -0.362505, -0.280971, 2.012432, -2.002935, 1.010324
-0.099220, -0.890961, -0.355301, -0.264772, 1.976566, -2.006429, 0.997015
-0.096301, -0.894508, -0.355848, -0.252892, 1.976566, -2.006429, 0.997015
-0.093546, -0.897915, -0.356255, -0.240999, 1.976566, -2.006429, 0.997015
-0.090810, -0.901311, -0.356301, -0.229001, 1.976566, -2.006429, 0.997015
-0.088038, -0.904553, -0.356462, -0.216722, 1.976566, -2.006429, 0.997015
-0.085171, -0.907626, -0.356578, -0.204483, 1.976566, -2.006429, 0.997015
-0.082274, -0.910488, -0.356702, -0.192370, 1.976566, -2.006429, 0.997015
-0.079438, -0.913202, -0.356790, -0.180148, 1.976566, -2.006429, 0.997015
-0.076612, -0.915753, -0.356905, -0.167766, 1.976566, -2.006429, 0.997015
-0.073770, -0.918126, -0.356983, -0.155452, 1.976566, -2.006429, 0.997015
-0.070995, -0.917503, -0.363080, -0.146014, 1.996299, -1.997779, 0.994033
-0.068022, -0.919380, -0.363642, -0.133707, 1.996299, -1.997779, 0.994033
-0.065106, -0.921072, -0.364103, -0.121727, 1.996299, -1.997779, 0.994033
-0.062392, -0.922575, -0.364660, -0.109479, 1.996299, -1.997779, 0.994033
-0.059641, -0.923996, -0.365014, -0.097155, 1.996299, -1.997779, 0.994033
-0.056782, -0.925116, -0.365665, -0.085000, 1.996299, -1.997779, 0.994033
-0.053847, -0.926227, -0.365890, -0.073000, 1.996299, -1.997779, 0.994033
-0.051035, -0.927186, -0.366097, -0.060779, 1.996299, -1.997779, 0.994033
-0.048300, -0.927898, -0.366467, -0.048725, 1.996299, -1.997779, 0.994033
-0.045160, -0.928586, -0.366560, -0.036375, 1.996299, -1.997779, 0.994033
-0.048407, -0.932148, -0.358380, -0.017919, 1.964410, -2.008597, 0.975790
-0.045728, -0.932602, -0.357961, -0.005119, 1.964410, -2.008597, 0.975790
-0.043403, -0.932822, -0.357632, 0.007664, 1.964410, -2.008597, 0.975790
-0.040984, -0.932927, -0.357154, 0.020221, 1.964410, -2.008597, 0.975790
-0.038622, -0.932822, -0.356743, 0.032963, 1.964410, -2.008597, 0.975790
-0.036176, -0.932650, -0.356079, 0.045423, 1.964410, -2.008597, 0.975790
-0.033735, -0.932260, -0.355450, 0.058373, 1.964410, -2.008597, 0.975790
-0.031084, -0.931723, -0.354769, 0.071167, 1.964410, -2.008597, 0.975790
-0.028727, -0.930991, -0.354064, 0.084073, 1.964410, -2.008597, 0.975790
-0.026155, -0.930155, -0.353218, 0.096769, 1.964410, -2.008597, 0.975790
-0.014722, -0.926029, -0.363306, 0.101299, 2.001723, -1.997011, 1.007581
-0.011470, -0.924672, -0.363291, 0.113446, 2.001723, -1.997011, 1.007581
-0.008176, -0.923178, -0.363209, 0.125514, 2.001723, -1.997011, 1.007581
-0.004972, -0.921492, -0.363135, 0.137700, 2.001723, -1.997011, 1.007581
-0.001785, -0.919646, -0.363088, 0.149714, 2.001723, -1.997011, 1.007581
0.001356, -0.917692, -0.362918, 0.161649, 2.001723, -1.997011, 1.007581
0.004508, -0.915552, -0.362705, 0.173750, 2.001723, -1.997011, 1.007581
0.007632, -0.913387, -0.362346, 0.185394, 2.001723, -1.997011, 1.007581
0.010868, -0.910981, -0.362138, 0.197109, 2.001723, -1.997011, 1.007581
0.013995, -0.908406, -0.361814, 0.209028, 2.001723, -1.997011, 1.007581
0.017916, -0.904784, -0.364633, 0.219290, 2.011467, -1.994264, 1.011859
0.021009, -0.901852, -0.364568, 0.230893, 2.011467, -1.994264, 1.011859
0.024141, -0.898880, -0.364185, 0.242491, 2.011467, -1.994264, 1.011859
0.027429, -0.895542, -0.364197, 0.254192, 2.011467, -1.994264, 1.011859
0.030494, -0.892178, -0.363997, 0.265695, 2.011467, -1.994264, 1.011859
0.033300, -0.888648, -0.363706, 0.277333, 2.011467, -1.994264, 1.011859
0.036107, -0.884939, -0.363465, 0.288915, 2.011467, -1.994264, 1.011859
0.039330, -0.881020, -0.363383, 0.300350, 2.011467, -1.994264, 1.011859
0.042426, -0.877069, -0.362966, 0.311779, 2.011467, -1.994264, 1.011859
0.045369, -0.872919, -0.362631, 0.323192, 2.011467, -1.994264, 1.011859
0.050787, -0.868297, -0.364793, 0.332274, 2.016592, -1.991519, 1.022354
0.054187, -0.863836, -0.364738, 0.343244, 2.016592, -1.991519, 1.022354
0.057479, -0.859232, -0.364649, 0.354185, 2.016592, -1.991519, 1.022354
0.060785, -0.854489, -0.364535, 0.365059, 2.016592, -1.991519, 1.022354
0.063861, -0.849754, -0.364035, 0.375924, 2.016592, -1.991519, 1.022354
0.067083, -0.844806, -0.363806, 0.386584, 2.016592, -1.991519, 1.022354
0.070388, -0.839665, -0.363351, 0.397473, 2.016592, -1.991519, 1.022354
0.073801, -0.834360, -0.363017, 0.408185, 2.016592, -1.991519, 1.022354
0.076940, -0.829015, -0.362717, 0.418631, 2.016592, -1.991519, 1.022354
0.079978, -0.823496, -0.362060, 0.429384, 2.016592, -1.991519, 1.022354
0.069948, -0.817034, -0.356183, 0.447991, 2.016018, -2.000793, 0.974089
0.072164, -0.811185, -0.355141, 0.458963, 2.016018, -2.000793, 0.974089
0.074333, -0.805121, -0.354082, 0.469980, 2.016018, -2.000793, 0.974089
0.076479, -0.798895, -0.353120, 0.480857, 2.016018, -2.000793, 0.974089
0.078645, -0.792410, -0.352185, 0.491801, 2.016018, -2.000793, 0.974089
0.080894, -0.785979, -0.351161, 0.502373, 2.016018, -2.000793, 0.974089
0.082885, -0.779365, -0.350034, 0.513028, 2.016018, -2.000793, 0.974089
0.085198, -0.772565, -0.348968, 0.523550, 2.016018, -2.000793, 0.974089
0.087274, -0.765596, -0.347956, 0.534016, 2.016018, -2.000793, 0.974089
0.089557, -0.758510, -0.346699, 0.544464, 2.016018, -2.000793, 0.974089
0.101506, -0.754945, -0.332312, 0.556168, 1.967074, -2.012611, 0.980390
0.104418, -0.747875, -0.329922, 0.566508, 1.967074, -2.012611, 0.980390
0.107282, -0.740692, -0.327629, 0.576650, 1.967074, -2.012611, 0.980390
0.110080, -0.733366, -0.325352, 0.586687, 1.967074, -2.012611, 0.980390
0.112687, -0.725995, -0.322688, 0.596746, 1.967074, -2.012611, 0.980390
0.115239, -0.718366, -0.320264, 0.606713, 1.967074, -2.012611, 0.980390
0.118205, -0.710714, -0.317724, 0.616413, 1.967074, -2.012611, 0.980390
0.120892, -0.702992, -0.315312, 0.625912, 1.967074, -2.012611, 0.980390
0.123479, -0.694929, -0.312744, 0.635624, 1.967074, -2.012611, 0.980390
0.126152, -0.686743, -0.310324, 0.645111, 1.967074, -2.012611, 0.980390
0.134525, -0.679024, -0.318240, 0.647729, 1.980107, -1.998206, 1.017131
0.137424, -0.670815, -0.316532, 0.656451, 1.980107, -1.998206, 1.017131
0.140597, -0.662329, -0.314673, 0.665232, 1.980107, -1.998206, 1.017131
0.143413, -0.653940, -0.312806, 0.673757, 1.980107, -1.998206, 1.017131
0.146147, -0.645428, -0.310885, 0.682213, 1.980107, -1.998206, 1.017131
0.149240, -0.636681, -0.309120, 0.690514, 1.980107, -1.998206, 1.017131
0.152277, -0.627826, -0.307373, 0.698690, 1.980107, -1.998206, 1.017131
0.155072, -0.618950, -0.305533, 0.706755, 1.980107, -1.998206, 1.017131
0.157734, -0.609831, -0.303590, 0.714884, 1.980107, -1.998206, 1.017131
0.160493, -0.600706, -0.301708, 0.722749, 1.980107, -1.998206, 1.017131
0.158094, -0.589586, -0.307651, 0.729894, 2.008630, -1.992241, 1.022003
0.160379, -0.580142, -0.306330, 0.737479, 2.008630, -1.992241, 1.022003
0.163003, -0.570573, -0.304982, 0.744891, 2.008630, -1.992241, 1.022003
0.165394, -0.560941, -0.303627, 0.752197, 2.008630, -1.992241, 1.022003
0.167676, -0.551263, -0.302320, 0.759340, 2.008630, -1.992241, 1.022003
0.169871, -0.541431, -0.300979, 0.766426, 2.008630, -1.992241, 1.022003
0.172158, -0.531524, -0.299576, 0.773368, 2.008630, -1.992241, 1.022003
0.174337, -0.521487, -0.298009, 0.780288, 2.008630, -1.992241, 1.022003
0.176566, -0.511440, -0.296466, 0.786995, 2.008630, -1.992241, 1.022003
0.178819, -0.501358, -0.295283, 0.793393, 2.008630, -1.992241, 1.022003
0.195238, -0.496769, -0.284737, 0.796258, 1.953691, -1.991029, 1.030064
0.198434, -0.486797, -0.282657, 0.802345, 1.953691, -1.991029, 1.030064
0.201544, -0.476724, -0.280395, 0.808389, 1.953691, -1.991029, 1.030064
0.204970, -0.466691, -0.278015, 0.814183, 1.953691, -1.991029, 1.030064
0.208050, -0.456522, -0.275818, 0.819894, 1.953691, -1.991029, 1.030064
0.210934, -0.446264, -0.273593, 0.825532, 1.953691, -1.991029, 1.030064
0.213925, -0.435898, -0.271241, 0.831058, 1.953691, -1.991029, 1.030064
0.217244, -0.425398, -0.269114, 0.836313, 1.953691, -1.991029, 1.030064
0.220226, -0.414828, -0.266777, 0.841575, 1.953691, -1.991029, 1.030064
0.223184, -0.404275, -0.264332, 0.846687, 1.953691, -1.991029, 1.030064
0.195766, -0.382375, -0.266577, 0.862787, 2.048209, -2.006723, 0.988707
0.196413, -0.370707, -0.264482, 0.868359, 2.048209, -2.006723, 0.988707
0.197123, -0.359057, -0.262435, 0.873698, 2.048209, -2.006723, 0.988707
0.197800, -0.347289, -0.260503, 0.878865, 2.048209, -2.006723, 0.988707
0.198427, -0.335413, -0.258388, 0.883946, 2.048209, -2.006723, 0.988707
0.199180, -0.323551, -0.256240, 0.888810, 2.048209, -2.006723, 0.988707
0.199658, -0.311682, -0.254092, 0.893548, 2.048209, -2.006723, 0.988707
0.200200, -0.299789, -0.251868, 0.898114, 2.048209, -2.006723, 0.988707
0.200849, -0.287743, -0.249518, 0.902555, 2.048209, -2.006723, 0.988707
0.201154, -0.275712, -0.247346, 0.906830, 2.048209, -2.006723, 0.988707
0.212971, -0.267925, -0.246585, 0.906673, 2.014644, -1.999361, 1.007296
0.214226, -0.256253, -0.244225, 0.910382, 2.014644, -1.999361, 1.007296
0.215187, -0.244241, -0.242160, 0.914002, 2.014644, -1.999361, 1.007296
0.216308, -0.232211, -0.240129, 0.917402, 2.014644, -1.999361, 1.007296
0.217599, -0.220202, -0.238144, 0.920570, 2.014644, -1.999361, 1.007296
0.218395, -0.208170, -0.235927, 0.923747, 2.014644, -1.999361, 1.007296
0.219484, -0.196123, -0.233673, 0.926693, 2.014644, -1.999361, 1.007296
0.220440, -0.183791, -0.231591, 0.929512, 2.014644, -1.999361, 1.007296
0.221456, -0.171700, -0.229392, 0.932124, 2.014644, -1.999361, 1.007296
0.222256, -0.159310, -0.227126, 0.934685, 2.014644, -1.999361, 1.007296
0.221700, -0.145727, -0.224126, 0.937753, 2.020307, -2.002637, 1.003915
0.222337, -0.133575, -0.221909, 0.939936, 2.020307, -2.002637, 1.003915
0.223174, -0.121074, -0.219699, 0.941948, 2.020307, -2.002637, 1.003915
0.224018, -0.108682, -0.217476, 0.943773, 2.020307, -2.002637, 1.003915
0.224827, -0.096259, -0.215175, 0.945456, 2.020307, -2.002637, 1.003915
0.225744, -0.083808, -0.212826, 0.946953, 2.020307, -2.002637, 1.003915
0.226424, -0.071365, -0.210467, 0.948337, 2.020307, -2.002637, 1.003915
0.227085, -0.058964, -0.208232, 0.949524, 2.020307, -2.002637, 1.003915
0.227765, -0.046264, -0.205860, 0.950581, 2.020307, -2.002637, 1.003915
0.228197, -0.033764, -0.203569, 0.951497, 2.020307, -2.002637, 1.003915
0.238810, -0.026833, -0.196640, 0.950569, 1.984184, -1.995859, 0.994132
0.239996, -0.014746, -0.194107, 0.951056, 1.984184, -1.995859, 0.994132
0.241096, -0.002784, -0.191505, 0.951415, 1.984184, -1.995859, 0.994132
0.242156, 0.009266, -0.188851, 0.951635, 1.984184, -1.995859, 0.994132
0.243189, 0.021384, -0.186097, 0.951719, 1.984184, -1.995859, 0.994132
0.244241, 0.033692, -0.183534, 0.951592, 1.984184, -1.995859, 0.994132
0.245275, 0.045640, -0.180903, 0.951331, 1.984184, -1.995859, 0.994132
0.246187, 0.057727, -0.178282, 0.950934, 1.984184, -1.995859, 0.994132
0.247062, 0.069589, -0.175552, 0.950421, 1.984184, -1.995859, 0.994132
0.248369, 0.081918, -0.172841, 0.949594, 1.984184, -1.995859, 0.994132
0.245804, 0.089633, -0.152258, 0.953081, 1.991222, -1.994978, 0.936503
0.246357, 0.101181, -0.148256, 0.952413, 1.991222, -1.994978, 0.936503
0.246875, 0.112653, -0.143967, 0.951649, 1.991222, -1.994978, 0.936503
0.247506, 0.124404, -0.139763, 0.950647, 1.991222, -1.994978, 0.936503
0.247924, 0.136188, -0.135622, 0.949523, 1.991222, -1.994978, 0.936503
0.248499, 0.147927, -0.131646, 0.948175, 1.991222, -1.994978, 0.936503
0.249099, 0.159526, -0.127749, 0.946668, 1.991222, -1.994978, 0.936503
0.249718, 0.171392, -0.123730, 0.944964, 1.991222, -1.994978, 0.936503
0.250172, 0.183057, -0.119558, 0.943191, 1.991222, -1.994978, 0.936503
0.250728, 0.194713, -0.115632, 0.941197, 1.991222, -1.994978, 0.936503
0.252924, 0.211947, -0.130067, 0.934982, 1.983463, -1.999366, 0.996327
0.253305, 0.223935, -0.127258, 0.932467, 1.983463, -1.999366, 0.996327
0.253687, 0.235859, -0.124763, 0.929757, 1.983463, -1.999366, 0.996327
0.254103, 0.247761, -0.122141, 0.926892, 1.983463, -1.999366, 0.996327
0.254398, 0.259693, -0.119584, 0.923873, 1.983463, -1.999366, 0.996327
0.254720, 0.271465, -0.117042, 0.920720, 1.983463, -1.999366, 0.996327
0.253375, 0.288325, -0.124296, 0.914998, 1.986164, -2.006483, 1.035782
0.253544, 0.300356, -0.122708, 0.911287, 1.986164, -2.006483, 1.035782
0.253589, 0.312536, -0.120892, 0.907413, 1.986164, -2.006483, 1.035782
0.253616, 0.324601, -0.119298, 0.903372, 1.986164, -2.006483, 1.035782
0.253676, 0.336742, -0.117504, 0.899136, 1.986164, -2.006483, 1.035782
0.253722, 0.348767, -0.115721, 0.894760, 1.986164, -2.006483, 1.035782
0.253482, 0.360724, -0.113998, 0.890298, 1.986164, -2.006483, 1.035782
0.253149, 0.372477, -0.112294, 0.885758, 1.986164, -2.006483, 1.035782
0.253144, 0.384235, -0.110629, 0.880933, 1.986164, -2.006483, 1.035782
0.252883, 0.395751, -0.108969, 0.876103, 1.986164, -2.006483, 1.035782
0.251255, 0.407713, -0.106003, 0.871438, 1.991545, -2.006893, 1.033969
0.250964, 0.419447, -0.104105, 0.866166, 1.991545, -2.006893, 1.033969
0.250476, 0.431016, -0.102273, 0.860830, 1.991545, -2.006893, 1.033969
0.250196, 0.442554, -0.100486, 0.855249, 1.991545, -2.006893, 1.033969
0.249874, 0.453922, -0.098777, 0.849565, 1.991545, -2.006893, 1.033969
0.249245, 0.465138, -0.096851, 0.843886, 1.991545, -2.006893, 1.033969
0.248791, 0.476408, -0.094946, 0.837928, 1.991545, -2.006893, 1.033969
0.248148, 0.487532, -0.093287, 0.831885, 1.991545, -2.006893, 1.033969
0.247593, 0.498656, -0.091745, 0.825605, 1.991545, -2.006893, 1.033969
0.246845, 0.509682, -0.090013, 0.819262, 1.991545, -2.006893, 1.033969
0.242014, 0.520035, -0.084283, 0.814794, 2.008498, -2.004732, 1.026296
0.241127, 0.530637, -0.082419, 0.808387, 2.008498, -2.004732, 1.026296
0.240226, 0.541294, -0.080555, 0.801750, 2.008498, -2.004732, 1.026296
0.239265, 0.551890, -0.078665, 0.794973, 2.008498, -2.004732, 1.026296
0.238344, 0.562340, -0.076720, 0.788086, 2.008498, -2.004732, 1.026296
0.237417, 0.572841, -0.074879, 0.780948, 2.008498, -2.004732, 1.026296
0.236155, 0.583323, -0.073002, 0.773715, 2.008498, -2.004732, 1.026296
0.235241, 0.593643, -0.071195, 0.766277, 2.008498, -2.004732, 1.026296
0.233977, 0.603670, -0.069471, 0.758954, 2.008498, -2.004732, 1.026296
0.232945, 0.613970, -0.067500, 0.751147, 2.008498, -2.004732, 1.026296
0.231084, 0.616645, -0.047081, 0.751087, 2.041230, -1.988649, 0.972941
0.230088, 0.625967, -0.043772, 0.743847, 2.041230, -1.988649, 0.972941
0.228722, 0.635249, -0.040484, 0.736550, 2.041230, -1.988649, 0.972941
0.227272, 0.644525, -0.037126, 0.729080, 2.041230, -1.988649, 0.972941
0.226064, 0.653685, -0.033855, 0.721418, 2.041230, -1.988649, 0.972941
0.224805, 0.662661, -0.030796, 0.713719, 2.041230, -1.988649, 0.972941
0.223401, 0.671498, -0.027829, 0.705980, 2.041230, -1.988649, 0.972941
0.222149, 0.680277, -0.024530, 0.698049, 2.041230, -1.988649, 0.972941
0.220776, 0.688971, -0.021580, 0.690008, 2.041230, -1.988649, 0.972941
0.219522, 0.697810, -0.018558, 0.681562, 2.041230, -1.988649, 0.972941
0.226043, 0.706007, -0.019627, 0.670876, 2.013431, -1.991126, 0.969156
0.225131, 0.714518, -0.016984, 0.662187, 2.013431, -1.991126, 0.969156
0.224386, 0.722709, -0.014229, 0.653560, 2.013431, -1.991126, 0.969156
0.223411, 0.730885, -0.011540, 0.644796, 2.013431, -1.991126, 0.969156
0.222480, 0.739008, -0.009052, 0.635836, 2.013431, -1.991126, 0.969156
0.221539, 0.746863, -0.006356, 0.626957, 2.013431, -1.991126, 0.969156
0.220428, 0.754628, -0.003979, 0.618006, 2.013431, -1.991126, 0.969156
0.219467, 0.762404, -0.001364, 0.608747, 2.013431, -1.991126, 0.969156
0.218438, 0.769875, 0.001363, 0.599646, 2.013431, -1.991126, 0.969156
0.217539, 0.777308, 0.003997, 0.590299, 2.013431, -1.991126, 0.969156
0.214073, 0.788281, -0.001942, 0.576873, 1.998429, -2.000803, 0.995074
0.212923, 0.795700, -0.000175, 0.567032, 1.998429, -2.000803, 0.995074
0.211897, 0.802947, 0.001364, 0.557112, 1.998429, -2.000803, 0.995074
0.210519, 0.810150, 0.003110, 0.547109, 1.998429, -2.000803, 0.995074
0.209174, 0.817437, 0.004844, 0.536675, 1.998429, -2.000803, 0.995074
0.208098, 0.824326, 0.006660, 0.526439, 1.998429, -2.000803, 0.995074
0.206864, 0.831148, 0.008375, 0.516072, 1.998429, -2.000803, 0.995074
0.205491, 0.837938, 0.010102, 0.505501, 1.998429, -2.000803, 0.995074
0.204214, 0.844492, 0.012010, 0.494961, 1.998429, -2.000803, 0.995074
0.202856, 0.850896, 0.013855, 0.484390, 1.998429, -2.000803, 0.995074
0.197009, 0.859047, 0.010988, 0.472339, 1.994689, -2.003997, 1.015232
0.195261, 0.865290, 0.012203, 0.461518, 1.994689, -2.003997, 1.015232
0.193558, 0.871472, 0.013486, 0.450433, 1.994689, -2.003997, 1.015232
0.191735, 0.877564, 0.014770, 0.439205, 1.994689, -2.003997, 1.015232
0.189974, 0.883376, 0.016080, 0.428134, 1.994689, -2.003997, 1.015232
0.188162, 0.889134, 0.017244, 0.416819, 1.994689, -2.003997, 1.015232
0.186406, 0.894631, 0.018042, 0.405663, 1.994689, -2.003997, 1.015232
0.184711, 0.900024, 0.019239, 0.394295, 1.994689, -2.003997, 1.015232
0.182861, 0.905292, 0.020302, 0.382878, 1.994689, -2.003997, 1.015232
0.181068, 0.910379, 0.021286, 0.371446, 1.994689, -2.003997, 1.015232
0.189801, 0.913508, 0.026664, 0.358843, 1.988172, -2.006276, 0.980256
0.188538, 0.918243, 0.028019, 0.347128, 1.988172, -2.006276, 0.980256
0.187127, 0.922777, 0.029297, 0.335570, 1.988172, -2.006276, 0.980256
0.185963, 0.927229, 0.030600, 0.323617, 1.988172, -2.006276, 0.980256
0.184994, 0.931399, 0.031906, 0.311858, 1.988172, -2.006276, 0.980256
0.183861, 0.935536, 0.033194, 0.299775, 1.988172, -2.006276, 0.980256
0.182786, 0.939496, 0.034474, 0.287660, 1.988172, -2.006276, 0.980256
0.181796, 0.943289, 0.035743, 0.275461, 1.988172, -2.006276, 0.980256
0.180639, 0.946905, 0.036896, 0.263399, 1.988172, -2.006276, 0.980256
0.179401, 0.950417, 0.037975, 0.251158, 1.988172, -2.006276, 0.980256
0.172504, 0.954918, 0.034893, 0.239073, 1.983940, -2.004982, 1.001344
0.170709, 0.958154, 0.035563, 0.227014, 1.983940, -2.004982, 1.001344
0.168981, 0.961207, 0.036428, 0.214942, 1.983940, -2.004982, 1.001344
0.167330, 0.964175, 0.037381, 0.202410, 1.983940, -2.004982, 1.001344
0.165571, 0.966913, 0.038270, 0.190264, 1.983940, -2.004982, 1.001344
0.163952, 0.969489, 0.039131, 0.177986, 1.983940, -2.004982, 1.001344
0.162104, 0.971966, 0.039739, 0.165605, 1.983940, -2.004982, 1.001344
0.160411, 0.974229, 0.040369, 0.153350, 1.983940, -2.004982, 1.001344
0.158808, 0.976357, 0.041019, 0.140800, 1.983940, -2.004982, 1.001344
0.157015, 0.978351, 0.041407, 0.128301, 1.983940, -2.004982, 1.001344
0.158481, 0.979789, 0.042878, 0.114273, 1.982808, -2.009173, 0.991416
0.157017, 0.981389, 0.043459, 0.101649, 1.982808, -2.009173, 0.991416
0.155515, 0.982827, 0.043835, 0.089134, 1.982808, -2.009173, 0.991416
0.154077, 0.984100, 0.044298, 0.076455, 1.982808, -2.009173, 0.991416
0.152555, 0.985213, 0.044783, 0.063856, 1.982808, -2.009173, 0.991416
0.151092, 0.986162, 0.045154, 0.051149, 1.982808, -2.009173, 0.991416
0.149139, 0.987005, 0.045701, 0.038595, 1.982808, -2.009173, 0.991416
0.147537, 0.987646, 0.045983, 0.025966, 1.982808, -2.009173, 0.991416
0.145902, 0.988132, 0.046196, 0.013192, 1.982808, -2.009173, 0.991416
0.144389, 0.988423, 0.046606, 0.000476, 1.982808, -2.009173, 0.991416
0.131870, 0.989701, 0.055641, -0.002397, 2.017886, -1.986188, 1.021607
0.129543, 0.989844, 0.056725, -0.014487, 2.017886, -1.986188, 1.021607
0.127200, 0.989849, 0.057680, -0.026317, 2.017886, -1.986188, 1.021607
0.124876, 0.989704, 0.058428, -0.038434, 2.017886, -1.986188, 1.021607
0.122396, 0.989414, 0.059401, -0.050508, 2.017886, -1.986188, 1.021607
0.120137, 0.988966, 0.060226, -0.062336, 2.017886, -1.986188, 1.021607
0.117905, 0.988349, 0.060965, -0.074488, 2.017886, -1.986188, 1.021607
0.115501, 0.987594, 0.061848, -0.086556, 2.017886, -1.986188, 1.021607
0.113176, 0.986686, 0.062445, -0.098708, 2.017886, -1.986188, 1.021607
0.110816, 0.985635, 0.063217, -0.110668, 2.017886, -1.986188, 1.021607
0.111334, 0.983980, 0.059598, -0.125840, 2.004872, -1.993060, 1.013359
0.109204, 0.982564, 0.059874, -0.138053, 2.004872, -1.993060, 1.013359
0.106991, 0.980977, 0.060264, -0.150354, 2.004872, -1.993060, 1.013359
0.104626, 0.979252, 0.060750, -0.162568, 2.004872, -1.993060, 1.013359
0.102354, 0.977373, 0.061246, -0.174686, 2.004872, -1.993060, 1.013359
0.100126, 0.975351, 0.061583, -0.186741, 2.004872, -1.993060, 1.013359
0.097800, 0.973181, 0.061830, -0.198825, 2.004872, -1.993060, 1.013359
0.095618, 0.970902, 0.062122, -0.210588, 2.004872, -1.993060, 1.013359
0.093489, 0.968443, 0.062150, -0.222521, 2.004872, -1.993060, 1.013359
0.091416, 0.965778, 0.062171, -0.234629, 2.004872, -1.993060, 1.013359
0.098670, 0.960632, 0.061825, -0.252245, 2.004209, -2.009239, 0.983370
0.097379, 0.957391, 0.061887, -0.264745, 2.004209, -2.009239, 0.983370
0.095977, 0.954068, 0.061836, -0.276983, 2.004209, -2.009239, 0.983370
0.094481, 0.950584, 0.061885, -0.289196, 2.004209, -2.009239, 0.983370
0.093103, 0.946886, 0.061784, -0.301532, 2.004209, -2.009239, 0.983370
0.091641, 0.943122, 0.061529, -0.313588, 2.004209, -2.009239, 0.983370
0.090275, 0.939133, 0.061506, -0.325724, 2.004209, -2.009239, 0.983370
0.088855, 0.934971, 0.061182, -0.337920, 2.004209, -2.009239, 0.983370
0.087214, 0.930736, 0.061137, -0.349839, 2.004209, -2.009239, 0.983370
0.085932, 0.926363, 0.060915, -0.361602, 2.004209, -2.009239, 0.983370
0.080336, 0.923192, 0.062740, -0.370576, 2.008551, -2.001116, 0.997753
0.078765, 0.918509, 0.062569, -0.382391, 2.008551, -2.001116, 0.997753
0.076959, 0.913764, 0.062542, -0.393957, 2.008551, -2.001116, 0.997753
0.075346, 0.908829, 0.062296, -0.405551, 2.008551, -2.001116, 0.997753
0.073641, 0.903761, 0.062330, -0.417023, 2.008551, -2.001116, 0.997753
0.072016, 0.898529, 0.062148, -0.428482, 2.008551, -2.001116, 0.997753
0.070540, 0.893150, 0.061841, -0.439866, 2.008551, -2.001116, 0.997753
0.068804, 0.887758, 0.061696, -0.450939, 2.008551, -2.001116, 0.997753
0.067284, 0.882170, 0.061468, -0.462030, 2.008551, -2.001116, 0.997753
0.065685, 0.876391, 0.061424, -0.473130, 2.008551, -2.001116, 0.997753
0.051176, 0.875956, 0.055308, -0.476470, 1.980612, -1.975158, 1.031101
0.048653, 0.870438, 0.054632, -0.486813, 1.980612, -1.975158, 1.031101
0.046252, 0.864780, 0.053770, -0.497117, 1.980612, -1.975158, 1.031101
0.043650, 0.858858, 0.052901, -0.507602, 1.980612, -1.975158, 1.031101
0.041156, 0.853058, 0.051873, -0.517598, 1.980612, -1.975158, 1.031101
0.038718, 0.847019, 0.050900, -0.527702, 1.980612, -1.975158, 1.031101
0.036226, 0.840765, 0.049876, -0.537880, 1.980612, -1.975158, 1.031101
0.033621, 0.834506, 0.048951, -0.547789, 1.980612, -1.975158, 1.031101
0.031301, 0.828052, 0.047957, -0.557719, 1.980612, -1.975158, 1.031101
0.029250, 0.821513, 0.046852, -0.567509, 1.980612, -1.975158, 1.031101
0.048484, 0.803010, 0.058941, -0.591058, 2.044249, -2.026479, 0.986062
0.047717, 0.795180, 0.058958, -0.601611, 2.044249, -2.026479, 0.986062
0.046734, 0.787114, 0.058963, -0.612201, 2.044249, -2.026479, 0.986062
0.045759, 0.778957, 0.058702, -0.622644, 2.044249, -2.026479, 0.986062
0.045051, 0.770679, 0.058555, -0.632927, 2.044249, -2.026479, 0.986062
0.044185, 0.762214, 0.058312, -0.643178, 2.044249, -2.026479, 0.986062
0.043488, 0.753629, 0.058128, -0.653279, 2.044249, -2.026479, 0.986062
0.042748, 0.745035, 0.057764, -0.663144, 2.044249, -2.026479, 0.986062
0.041909, 0.736140, 0.057615, -0.673069, 2.044249, -2.026479, 0.986062
0.041028, 0.727230, 0.057544, -0.682746, 2.044249, -2.026479, 0.986062
0.024837, 0.729035, 0.031632, -0.683294, 1.954125, -1.983331, 0.984742
0.023084, 0.720833, 0.029356, -0.692102, 1.954125, -1.983331, 0.984742
0.021518, 0.712482, 0.027016, -0.700840, 1.954125, -1.983331, 0.984742
0.019864, 0.704066, 0.024846, -0.709422, 1.954125, -1.983331, 0.984742
0.018346, 0.695358, 0.022412, -0.718080, 1.954125, -1.983331, 0.984742
0.016800, 0.686729, 0.020166, -0.726440, 1.954125, -1.983331, 0.984742
0.015309, 0.677752, 0.017754, -0.734917, 1.954125, -1.983331, 0.984742
0.013590, 0.668804, 0.015425, -0.743154, 1.954125, -1.983331, 0.984742
0.011913, 0.659698, 0.013018, -0.751323, 1.954125, -1.983331, 0.984742
0.010128, 0.650533, 0.010523, -0.759338, 1.954125, -1.983331, 0.984742
0.022281, 0.631969, 0.016064, -0.774507, 1.999793, -2.017695, 0.967092
0.021725, 0.621653, 0.014324, -0.782860, 1.999793, -2.017695, 0.967092
0.021250, 0.611375, 0.012282, -0.790960, 1.999793, -2.017695, 0.967092
0.020656, 0.601323, 0.010489, -0.798670, 1.999793, -2.017695, 0.967092
0.020291, 0.590889, 0.008408, -0.806454, 1.999793, -2.017695, 0.967092
0.019719, 0.580333, 0.006435, -0.814115, 1.999793, -2.017695, 0.967092
0.019470, 0.569534, 0.004660, -0.821724, 1.999793, -2.017695, 0.967092
0.019241, 0.558780, 0.002870, -0.829088, 1.999793, -2.017695, 0.967092
0.018874, 0.547926, 0.001082, -0.836313, 1.999793, -2.017695, 0.967092
0.018634, 0.537212, -0.000707, -0.843241, 1.999793, -2.017695, 0.967092
0.004378, 0.535295, 0.015976, -0.844503, 2.004997, -1.987718, 1.037712
0.003170, 0.525138, 0.015230, -0.850875, 2.004997, -1.987718, 1.037712
0.001885, 0.514612, 0.014605, -0.857297, 2.004997, -1.987718, 1.037712
0.000567, 0.504265, 0.013816, -0.863438, 2.004997, -1.987718, 1.037712
-0.000873, 0.493945, 0.013133, -0.869393, 2.004997, -1.987718, 1.037712
-0.002105, 0.483306, 0.012639, -0.875358, 2.004997, -1.987718, 1.037712
-0.003348, 0.472547, 0.011954, -0.881218, 2.004997, -1.987718, 1.037712
-0.004530, 0.461925, 0.011300, -0.886835, 2.004997, -1.987718, 1.037712
-0.005648, 0.451233, 0.010668, -0.892324, 2.004997, -1.987718, 1.037712
-0.006718, 0.440312, 0.009887, -0.897765, 2.004997, -1.987718, 1.037712
0.001936, 0.420322, 0.003087, -0.907368, 2.019225, -2.016425, 1.005008
0.001743, 0.408583, 0.001807, -0.912718, 2.019225, -2.016425, 1.005008
0.001226, 0.396780, 0.000629, -0.917913, 2.019225, -2.016425, 1.005008
0.001089, 0.384818, -0.000491, -0.922992, 2.019225, -2.016425, 1.005008
0.000849, 0.372907, -0.001425, -0.927867, 2.019225, -2.016425, 1.005008
0.000608, 0.360915, -0.002848, -0.932594, 2.019225, -2.016425, 1.005008
0.000535, 0.348728, -0.004027, -0.937215, 2.019225, -2.016425, 1.005008
0.000363, 0.336512, -0.005403, -0.941664, 2.019225, -2.016425, 1.005008
0.000252, 0.324167, -0.006458, -0.945978, 2.019225, -2.016425, 1.005008
0.000244, 0.312003, -0.007753, -0.950049, 2.019225, -2.016425, 1.005008
-0.003916, 0.302624, -0.010353, -0.953046, 2.006144, -2.007155, 1.007228
-0.004400, 0.290444, -0.011586, -0.956812, 2.006144, -2.007155, 1.007228
-0.004892, 0.278269, -0.013087, -0.960402, 2.006144, -2.007155, 1.007228
-0.005113, 0.266060, -0.014544, -0.963833, 2.006144, -2.007155, 1.007228
-0.005639, 0.253818, -0.015747, -0.967107, 2.006144, -2.007155, 1.007228
-0.005799, 0.241506, -0.017211, -0.970229, 2.006144, -2.007155, 1.007228
-0.006080, 0.229253, -0.018905, -0.973164, 2.006144, -2.007155, 1.007228
-0.006359, 0.216782, -0.020273, -0.975989, 2.006144, -2.007155, 1.007228
-0.006428, 0.204302, -0.021792, -0.978644, 2.006144, -2.007155, 1.007228
-0.006900, 0.191928, -0.023067, -0.981114, 2.006144, -2.007155, 1.007228
-0.014937, 0.195428, -0.042401, -0.979687, 1.966284, -1.957787, 0.963821
-0.015565, 0.184270, -0.045315, -0.981707, 1.966284, -1.957787, 0.963821
-0.016322, 0.172950, -0.048148, -0.983618, 1.966284, -1.957787, 0.963821
-0.016869, 0.161524, -0.050968, -0.985407, 1.966284, -1.957787, 0.963821
-0.017473, 0.150217, -0.053743, -0.987037, 1.966284, -1.957787, 0.963821
-0.017937, 0.138783, -0.056694, -0.988536, 1.966284, -1.957787, 0.963821
-0.018828, 0.127332, -0.059431, -0.989899, 1.966284, -1.957787, 0.963821
-0.019416, 0.116070, -0.062153, -0.991104, 1.966284, -1.957787, 0.963821
-0.019853, 0.104781, -0.064987, -0.992171, 1.966284, -1.957787, 0.963821
-0.020187, 0.093298, -0.067869, -0.993117, 1.966284, -1.957787, 0.963821
-0.008571, 0.058679, -0.047592, -0.997105, 2.016112, -2.029143, 1.024496
-0.008313, 0.045465, -0.048642, -0.997746, 2.016112, -2.029143, 1.024496
-0.008041, 0.032564, -0.049654, -0.998203, 2.016112, -2.029143, 1.024496
-0.007812, 0.019400, -0.050659, -0.998497, 2.016112, -2.029143, 1.024496
-0.007093, 0.006098, -0.051461, -0.998631, 2.016112, -2.029143, 1.024496
-0.006400, -0.007177, -0.052527, -0.998573, 2.016112, -2.029143, 1.024496
-0.005861, -0.020402, -0.053675, -0.998333, 2.016112, -2.029143, 1.024496
-0.005050, -0.033623, -0.054546, -0.997932, 2.016112, -2.029143, 1.024496
-0.004482, -0.046783, -0.055684, -0.997342, 2.016112, -2.029143, 1.024496
-0.003720, -0.060003, -0.056878, -0.996569, 2.016112, -2.029143, 1.024496
-0.002100, -0.069139, -0.063426, -0.995587, 2.016825, -2.017889, 1.007048
-0.001395, -0.082072, -0.064808, -0.994516, 2.016825, -2.017889, 1.007048
-0.000737, -0.094961, -0.066070, -0.993286, 2.016825, -2.017889, 1.007048
0.000217, -0.107623, -0.067673, -0.991886, 2.016825, -2.017889, 1.007048
0.001169, -0.120294, -0.069077, -0.990331, 2.016825, -2.017889, 1.007048
0.002178, -0.133193, -0.070611, -0.988569, 2.016825, -2.017889, 1.007048
0.003077, -0.146022, -0.072067, -0.986648, 2.016825, -2.017889, 1.007048
0.004172, -0.158828, -0.073434, -0.984563, 2.016825, -2.017889, 1.007048
0.005261, -0.171407, -0.075007, -0.982327, 2.016825, -2.017889, 1.007048
0.006138, -0.183889, -0.076406, -0.979954, 2.016825, -2.017889, 1.007048
-0.002434, -0.181812, -0.089132, -0.979282, 1.991550, -1.971657, 0.972552
-0.002101, -0.193349, -0.091333, -0.976867, 1.991550, -1.971657, 0.972552
-0.001805, -0.204983, -0.093643, -0.974274, 1.991550, -1.971657, 0.972552
-0.001334, -0.216581, -0.095800, -0.971552, 1.991550, -1.971657, 0.972552
-0.000896, -0.228207, -0.098026, -0.968665, 1.991550, -1.971657, 0.972552
-0.000303, -0.239851, -0.100264, -0.965618, 1.991550, -1.971657, 0.972552
0.000111, -0.251141, -0.102520, -0.962506, 1.991550, -1.971657, 0.972552
0.000558, -0.262490, -0.104770, -0.959230, 1.991550, -1.971657, 0.972552
0.000930, -0.273639, -0.106972, -0.955865, 1.991550, -1.971657, 0.972552
0.001670, -0.284875, -0.109479, -0.952291, 1.991550, -1.971657, 0.972552
0.014846, -0.316165, -0.095770, -0.943741, 2.017396, -2.036895, 1.024109
0.016359, -0.328887, -0.096737, -0.939259, 2.017396, -2.036895, 1.024109
0.017829, -0.341336, -0.097415, -0.934710, 2.017396, -2.036895, 1.024109
0.019536, -0.353768, -0.098369, -0.929941, 2.017396, -2.036895, 1.024109
0.021353, -0.366306, -0.099167, -0.924949, 2.017396, -2.036895, 1.024109
0.023071, -0.378515, -0.100075, -0.919880, 2.017396, -2.036895, 1.024109
0.013527, -0.381175, -0.105449, -0.918370, 1.985877, -1.997023, 1.000154
0.014284, -0.392578, -0.106933, -0.913369, 1.985877, -1.997023, 1.000154
0.015304, -0.404092, -0.108227, -0.908164, 1.985877, -1.997023, 1.000154
0.015942, -0.415490, -0.109634, -0.902826, 1.985877, -1.997023, 1.000154
0.016801, -0.426685, -0.110922, -0.897415, 1.985877, -1.997023, 1.000154
0.017669, -0.437837, -0.112261, -0.891843, 1.985877, -1.997023, 1.000154
0.018405, -0.448909, -0.113830, -0.886106, 1.985877, -1.997023, 1.000154
0.019311, -0.459969, -0.115017, -0.880242, 1.985877, -1.997023, 1.000154
0.020225, -0.470832, -0.116335, -0.874285, 1.985877, -1.997023, 1.000154
0.021200, -0.481450, -0.117603, -0.868289, 1.985877, -1.997023, 1.000154
0.025095, -0.489955, -0.122081, -0.862792, 1.998364, -1.990475, 0.994254
0.026300, -0.500569, -0.123319, -0.856464, 1.998364, -1.990475, 0.994254
0.027661, -0.511030, -0.124858, -0.849996, 1.998364, -1.990475, 0.994254
0.029011, -0.521494, -0.126311, -0.843355, 1.998364, -1.990475, 0.994254
0.030211, -0.531790, -0.127759, -0.836639, 1.998364, -1.990475, 0.994254
0.031443, -0.541959, -0.128839, -0.829875, 1.998364, -1.990475, 0.994254
0.032539, -0.551976, -0.130248, -0.822982, 1.998364, -1.990475, 0.994254
0.034002, -0.562118, -0.131530, -0.815823, 1.998364, -1.990475, 0.994254
0.035572, -0.572104, -0.132777, -0.808581, 1.998364, -1.990475, 0.994254
0.036886, -0.581979, -0.134002, -0.801239, 1.998364, -1.990475, 0.994254
0.035429, -0.589292, -0.137601, -0.795327, 1.994568, -1.980016, 0.984776
0.036682, -0.598653, -0.138970, -0.788008, 1.994568, -1.980016, 0.984776
0.038011, -0.608178, -0.140381, -0.780364, 1.994568, -1.980016, 0.984776
0.039249, -0.617400, -0.141898, -0.772749, 1.994568, -1.980016, 0.984776
0.040747, -0.626610, -0.143242, -0.764972, 1.994568, -1.980016, 0.984776
0.041962, -0.635520, -0.144665, -0.757249, 1.994568, -1.980016, 0.984776
0.043159, -0.644457, -0.145976, -0.749336, 1.994568, -1.980016, 0.984776
0.044476, -0.653456, -0.147283, -0.741165, 1.994568, -1.980016, 0.984776
0.045772, -0.662247, -0.148433, -0.733008, 1.994568, -1.980016, 0.984776
0.047059, -0.670918, -0.149792, -0.724718, 1.994568, -1.980016, 0.984776
0.056744, -0.681769, -0.150022, -0.713768, 2.012693, -1.993795, 0.999994
0.058704, -0.690365, -0.151014, -0.705085, 2.012693, -1.993795, 0.999994
0.060684, -0.698893, -0.152023, -0.696244, 2.012693, -1.993795, 0.999994
0.062757, -0.707143, -0.153217, -0.687411, 2.012693, -1.993795, 0.999994
0.064988, -0.715430, -0.154198, -0.678350, 2.012693, -1.993795, 0.999994
0.067111, -0.723646, -0.154999, -0.669185, 2.012693, -1.993795, 0.999994
0.069083, -0.731665, -0.155965, -0.659976, 2.012693, -1.993795, 0.999994
0.071424, -0.739500, -0.156726, -0.650749, 2.012693, -1.993795, 0.999994
0.073558, -0.747288, -0.157614, -0.641333, 2.012693, -1.993795, 0.999994
0.075591, -0.754937, -0.158593, -0.631826, 2.012693, -1.993795, 0.999994
0.074558, -0.762791, -0.159994, -0.622087, 2.006461, -1.993475, 0.992880
0.076577, -0.770361, -0.160809, -0.612226, 2.006461, -1.993475, 0.992880
0.078547, -0.777719, -0.161859, -0.602316, 2.006461, -1.993475, 0.992880
0.080484, -0.784955, -0.162651, -0.592379, 2.006461, -1.993475, 0.992880
0.082378, -0.792214, -0.163498, -0.582134, 2.006461, -1.993475, 0.992880
0.084314, -0.799143, -0.164372, -0.572052, 2.006461, -1.993475, 0.992880
0.086294, -0.805992, -0.165289, -0.561791, 2.006461, -1.993475, 0.992880
0.088136, -0.812770, -0.166075, -0.551412, 2.006461, -1.993475, 0.992880
0.090196, -0.819233, -0.166551, -0.541279, 2.006461, -1.993475, 0.992880
0.092310, -0.825519, -0.167382, -0.531018, 2.006461, -1.993475, 0.992880
0.097015, -0.835894, -0.161645, -0.515500, 1.996279, -2.015205, 1.008385
0.099232, -0.842246, -0.161964, -0.504522, 1.996279, -2.015205, 1.008385
0.101511, -0.848415, -0.162181, -0.493542, 1.996279, -2.015205, 1.008385
0.103715, -0.854520, -0.162336, -0.482376, 1.996279, -2.015205, 1.008385
0.106008, -0.860480, -0.162415, -0.471125, 1.996279, -2.015205, 1.008385
0.108400, -0.866269, -0.162384, -0.459846, 1.996279, -2.015205, 1.008385
0.110679, -0.871951, -0.162473, -0.448391, 1.996279, -2.015205, 1.008385
0.112937, -0.877452, -0.162532, -0.436928, 1.996279, -2.015205, 1.008385
0.115310, -0.882859, -0.162516, -0.425268, 1.996279, -2.015205, 1.008385
0.117758, -0.888053, -0.162428, -0.413657, 1.996279, -2.015205, 1.008385
0.112078, -0.894658, -0.161747, -0.401079, 1.980692, -2.016547, 0.989497
0.113847, -0.899724, -0.161615, -0.389121, 1.980692, -2.016547, 0.989497
0.115700, -0.904651, -0.161146, -0.377163, 1.980692, -2.016547, 0.989497
0.117492, -0.909395, -0.160965, -0.365085, 1.980692, -2.016547, 0.989497
0.119363, -0.913962, -0.160390, -0.353131, 1.980692, -2.016547, 0.989497
0.121122, -0.918321, -0.160078, -0.341161, 1.980692, -2.016547, 0.989497
0.122856, -0.922591, -0.159657, -0.329001, 1.980692, -2.016547, 0.989497
0.124686, -0.926651, -0.159343, -0.316830, 1.980692, -2.016547, 0.989497
0.126509, -0.930536, -0.159336, -0.304484, 1.980692, -2.016547, 0.989497
0.128286, -0.934212, -0.159141, -0.292345, 1.980692, -2.016547, 0.989497
0.143783, -0.930977, -0.166891, -0.291128, 2.019709, -1.982548, 1.022899
0.146868, -0.934029, -0.167055, -0.279485, 2.019709, -1.982548, 1.022899
0.149720, -0.936933, -0.167268, -0.267883, 2.019709, -1.982548, 1.022899
0.152630, -0.939698, -0.167301, -0.256287, 2.019709, -1.982548, 1.022899
0.155601, -0.942299, -0.167417, -0.244605, 2.019709, -1.982548, 1.022899
0.158777, -0.944755, -0.167317, -0.232877, 2.019709, -1.982548, 1.022899
0.161459, -0.947114, -0.167163, -0.221274, 2.019709, -1.982548, 1.022899
0.164268, -0.949278, -0.166996, -0.209761, 2.019709, -1.982548, 1.022899
0.167020, -0.951377, -0.166556, -0.198105, 2.019709, -1.982548, 1.022899
0.169809, -0.953311, -0.166443, -0.186170, 2.019709, -1.982548, 1.022899
0.157794, -0.958414, -0.166811, -0.169463, 2.006160, -1.992072, 0.977289
0.159584, -0.960270, -0.166666, -0.156961, 2.006160, -1.992072, 0.977289
0.161506, -0.961880, -0.166465, -0.144890, 2.006160, -1.992072, 0.977289
0.163200, -0.963396, -0.166213, -0.132691, 2.006160, -1.992072, 0.977289
0.165243, -0.964692, -0.166063, -0.120362, 2.006160, -1.992072, 0.977289
0.167016, -0.965921, -0.165623, -0.108034, 2.006160, -1.992072, 0.977289
0.168784, -0.966925, -0.165509, -0.095785, 2.006160, -1.992072, 0.977289
0.170386, -0.967840, -0.165106, -0.083632, 2.006160, -1.992072, 0.977289
0.172083, -0.968625, -0.164463, -0.071456, 2.006160, -1.992072, 0.977289
0.173664, -0.969199, -0.164240, -0.059328, 2.006160, -1.992072, 0.977289
0.187259, -0.966819, -0.165225, -0.053816, 2.016094, -1.976235, 1.015121
0.190260, -0.966850, -0.164972, -0.042254, 2.016094, -1.976235, 1.015121
0.193002, -0.966802, -0.164656, -0.030528, 2.016094, -1.976235, 1.015121
0.195710, -0.966591, -0.164441, -0.018946, 2.016094, -1.976235, 1.015121
0.198313, -0.966284, -0.164058, -0.007281, 2.016094, -1.976235, 1.015121
0.201160, -0.965777, -0.163673, 0.004469, 2.016094, -1.976235, 1.015121
0.203936, -0.965130, -0.163304, 0.016299, 2.016094, -1.976235, 1.015121
0.206551, -0.964390, -0.162749, 0.028318, 2.016094, -1.976235, 1.015121
0.209126, -0.963524, -0.162046, 0.040359, 2.016094, -1.976235, 1.015121
0.211933, -0.962442, -0.161410, 0.052313, 2.016094, -1.976235, 1.015121
0.199359, -0.965005, -0.146398, 0.087114, 1.980236, -2.044476, 0.961475
0.200861, -0.963643, -0.144677, 0.100573, 1.980236, -2.044476, 0.961475
0.202368, -0.962097, -0.142979, 0.113906, 1.980236, -2.044476, 0.961475
0.203862, -0.960350, -0.141317, 0.127267, 1.980236, -2.044476, 0.961475
0.205196, -0.958499, -0.139304, 0.140603, 1.980236, -2.044476, 0.961475
0.206457, -0.956448, -0.137452, 0.153912, 1.980236, -2.044476, 0.961475
0.207686, -0.954253, -0.135365, 0.167167, 1.980236, -2.044476, 0.961475
0.208827, -0.951864, -0.133345, 0.180460, 1.980236, -2.044476, 0.961475
0.210201, -0.949251, -0.131193, 0.193719, 1.980236, -2.044476, 0.961475
0.211327, -0.946484, -0.129249, 0.206892, 1.980236, -2.044476, 0.961475
0.224892, -0.943086, -0.144285, 0.197976, 2.014946, -1.975300, 1.010140
0.227114, -0.940229, -0.143566, 0.209228, 2.014946, -1.975300, 1.010140
0.229453, -0.937202, -0.142749, 0.220513, 2.014946, -1.975300, 1.010140
0.231702, -0.933947, -0.142039, 0.232125, 2.014946, -1.975300, 1.010140
0.233958, -0.930634, -0.141270, 0.243367, 2.014946, -1.975300, 1.010140
0.236255, -0.927188, -0.140206, 0.254654, 2.014946, -1.975300, 1.010140
0.238401, -0.923568, -0.139437, 0.265977, 2.014946, -1.975300, 1.010140
0.240353, -0.919824, -0.138575, 0.277400, 2.014946, -1.975300, 1.010140
0.242526, -0.915975, -0.137890, 0.288370, 2.014946, -1.975300, 1.010140
0.244817, -0.911958, -0.136855, 0.299447, 2.014946, -1.975300, 1.010140
0.244281, -0.906191, -0.125404, 0.321587, 1.994142, -2.014226, 0.992713
0.246456, -0.901606, -0.123445, 0.333358, 1.994142, -2.014226, 0.992713
0.248449, -0.896960, -0.121518, 0.344919, 1.994142, -2.014226, 0.992713
0.250446, -0.892132, -0.119597, 0.356474, 1.994142, -2.014226, 0.992713
0.252345, -0.887040, -0.117603, 0.368309, 1.994142, -2.014226, 0.992713
0.254257, -0.881865, -0.115730, 0.379834, 1.994142, -2.014226, 0.992713
0.256288, -0.876551, -0.113668, 0.391221, 1.994142, -2.014226, 0.992713
0.258079, -0.871114, -0.111612, 0.402614, 1.994142, -2.014226, 0.992713
0.259919, -0.865474, -0.109419, 0.414034, 1.994142, -2.014226, 0.992713
0.261931, -0.859576, -0.107301, 0.425451, 1.994142, -2.014226, 0.992713
0.261010, -0.852971, -0.101645, 0.440435, 1.989469, -2.027649, 0.981437
0.262774, -0.846761, -0.099370, 0.451743, 1.989469, -2.027649, 0.981437
0.264487, -0.840412, -0.097031, 0.462969, 1.989469, -2.027649, 0.981437
0.265980, -0.833963, -0.094759, 0.474111, 1.989469, -2.027649, 0.981437
0.267339, -0.827355, -0.092442, 0.485251, 1.989469, -2.027649, 0.981437
0.268780, -0.820636, -0.090004, 0.496199, 1.989469, -2.027649, 0.981437
0.270373, -0.813747, -0.087430, 0.507021, 1.989469, -2.027649, 0.981437
0.271669, -0.806756, -0.085038, 0.517792, 1.989469, -2.027649, 0.981437
0.273039, -0.799526, -0.082426, 0.528596, 1.989469, -2.027649, 0.981437
0.274333, -0.792185, -0.079685, 0.539291, 1.989469, -2.027649, 0.981437
0.276297, -0.788129, -0.092531, 0.542172, 2.022597, -1.991182, 1.001661
0.277619, -0.780909, -0.091192, 0.552081, 2.022597, -1.991182, 1.001661
0.278944, -0.773499, -0.089783, 0.561986, 2.022597, -1.991182, 1.001661
0.280361, -0.765982, -0.088260, 0.571734, 2.022597, -1.991182, 1.001661
0.281661, -0.758396, -0.086670, 0.581370, 2.022597, -1.991182, 1.001661
0.283044, -0.750835, -0.085260, 0.590647, 2.022597, -1.991182, 1.001661
0.284292, -0.742961, -0.083533, 0.600175, 2.022597, -1.991182, 1.001661
0.285538, -0.734931, -0.081982, 0.609610, 2.022597, -1.991182, 1.001661
0.286837, -0.726838, -0.080387, 0.618845, 2.022597, -1.991182, 1.001661
0.288204, -0.718595, -0.078779, 0.627976, 2.022597, -1.991182, 1.001661
0.299480, -0.711071, -0.064998, 0.632823, 1.973502, -1.992363, 1.008096
0.301639, -0.702772, -0.062362, 0.641278, 1.973502, -1.992363, 1.008096
0.303832, -0.694158, -0.059652, 0.649825, 1.973502, -1.992363, 1.008096
0.305696, -0.685519, -0.056837, 0.658318, 1.973502, -1.992363, 1.008096
0.307473, -0.676710, -0.054174, 0.666775, 1.973502, -1.992363, 1.008096
0.309477, -0.667895, -0.051570, 0.674893, 1.973502, -1.992363, 1.008096
0.311172, -0.659104, -0.048683, 0.682923, 1.973502, -1.992363, 1.008096
0.313043, -0.650114, -0.045965, 0.690828, 1.973502, -1.992363, 1.008096
0.314780, -0.640847, -0.043149, 0.698833, 1.973502, -1.992363, 1.008096
0.316598, -0.631536, -0.040355, 0.706611, 1.973502, -1.992363, 1.008096
0.311173, -0.620556, -0.042022, 0.718551, 2.000723, -1.999921, 1.000434
0.312518, -0.610944, -0.039400, 0.726310, 2.000723, -1.999921, 1.000434
0.313827, -0.601310, -0.036764, 0.733885, 2.000723, -1.999921, 1.000434
0.314955, -0.591455, -0.034486, 0.741482, 2.000723, -1.999921, 1.000434
0.315965, -0.581532, -0.031973, 0.748976, 2.000723, -1.999921, 1.000434
0.316961, -0.571638, -0.029497, 0.756238, 2.000723, -1.999921, 1.000434
0.318133, -0.561724, -0.027117, 0.763232, 2.000723, -1.999921, 1.000434
0.319130, -0.551538, -0.024844, 0.770289, 2.000723, -1.999921, 1.000434
0.320293, -0.541386, -0.022363, 0.777054, 2.000723, -1.999921, 1.000434
0.321523, -0.530853, -0.019637, 0.783857, 2.000723, -1.999921, 1.000434
0.317280, -0.517077, -0.009661, 0.794903, 2.001783, -2.021252, 0.977060
0.317967, -0.506250, -0.006333, 0.801603, 2.001783, -2.021252, 0.977060
0.318374, -0.495270, -0.003023, 0.808292, 2.001783, -2.021252, 0.977060
0.318818, -0.484272, 0.000071, 0.814761, 2.001783, -2.021252, 0.977060
0.319224, -0.473129, 0.003414, 0.821117, 2.001783, -2.021252, 0.977060
0.319577, -0.461977, 0.006542, 0.827288, 2.001783, -2.021252, 0.977060
0.320186, -0.450967, 0.009760, 0.833076, 2.001783, -2.021252, 0.977060
0.320595, -0.439808, 0.013028, 0.838819, 2.001783, -2.021252, 0.977060
0.321009, -0.428319, 0.016285, 0.844530, 2.001783, -2.021252, 0.977060
0.321263, -0.416972, 0.019524, 0.850025, 2.001783, -2.021252, 0.977060
0.332778, -0.415085, 0.012417, 0.846646, 1.983850, -1.974963, 1.011760
0.333913, -0.404406, 0.014972, 0.851313, 1.983850, -1.974963, 1.011760
0.335058, -0.393528, 0.017669, 0.855897, 1.983850, -1.974963, 1.011760
0.336091, -0.382750, 0.020210, 0.860312, 1.983850, -1.974963, 1.011760
0.337020, -0.371916, 0.022831, 0.864624, 1.983850, -1.974963, 1.011760
0.338075, -0.360971, 0.025711, 0.868760, 1.983850, -1.974963, 1.011760
0.338869, -0.349964, 0.028231, 0.872867, 1.983850, -1.974963, 1.011760
0.339995, -0.338825, 0.030872, 0.876726, 1.983850, -1.974963, 1.011760
0.340956, -0.327648, 0.033540, 0.880495, 1.983850, -1.974963, 1.011760
0.341752, -0.316235, 0.035722, 0.884265, 1.983850, -1.974963, 1.011760
0.348021, -0.309001, 0.037714, 0.884295, 1.967760, -1.960142, 1.016544
0.349354, -0.298190, 0.040544, 0.887350, 1.967760, -1.960142, 1.016544
0.350697, -0.287189, 0.043058, 0.890326, 1.967760, -1.960142, 1.016544
0.351920, -0.276024, 0.045399, 0.893254, 1.967760, -1.960142, 1.016544
0.353129, -0.264966, 0.048139, 0.895977, 1.967760, -1.960142, 1.016544
0.354535, -0.253853, 0.050706, 0.898494, 1.967760, -1.960142, 1.016544
0.355781, -0.242612, 0.053401, 0.900948, 1.967760, -1.960142, 1.016544
0.356833, -0.231380, 0.055909, 0.903331, 1.967760, -1.960142, 1.016544
0.357929, -0.220227, 0.058440, 0.905523, 1.967760, -1.960142, 1.016544
0.359034, -0.209061, 0.061278, 0.907543, 1.967760, -1.960142, 1.016544
0.336464, -0.179506, 0.069743, 0.921795, 2.034717, -2.029907, 0.996707
0.335631, -0.166695, 0.073020, 0.924247, 2.034717, -2.029907, 0.996707
0.334469, -0.153909, 0.076098, 0.926634, 2.034717, -2.029907, 0.996707
0.333597, -0.141149, 0.078981, 0.928737, 2.034717, -2.029907, 0.996707
0.332729, -0.128410, 0.082030, 0.930631, 2.034717, -2.029907, 0.996707
0.331664, -0.115413, 0.085499, 0.932399, 2.034717, -2.029907, 0.996707
0.330439, -0.102710, 0.088670, 0.934023, 2.034717, -2.029907, 0.996707
0.329085, -0.089745, 0.091749, 0.935538, 2.034717, -2.029907, 0.996707
0.328131, -0.076950, 0.094707, 0.936717, 2.034717, -2.029907, 0.996707
0.327224, -0.063986, 0.097805, 0.937691, 2.034717, -2.029907, 0.996707
0.333448, -0.059140, 0.109230, 0.934550, 2.005688, -2.011621, 0.969856
0.332517, -0.047146, 0.113232, 0.935087, 2.005688, -2.011621, 0.969856
0.331855, -0.035082, 0.116748, 0.935421, 2.005688, -2.011621, 0.969856
0.331069, -0.022737, 0.120456, 0.935610, 2.005688, -2.011621, 0.969856
0.330323, -0.010433, 0.124038, 0.935624, 2.005688, -2.011621, 0.969856
0.329673, 0.001826, 0.127660, 0.935422, 2.005688, -2.011621, 0.969856
0.328871, 0.014103, 0.131284, 0.935099, 2.005688, -2.011621, 0.969856
0.327992, 0.026585, 0.135115, 0.934590, 2.005688, -2.011621, 0.969856
0.327035, 0.038729, 0.138729, 0.933971, 2.005688, -2.011621, 0.969856
0.325892, 0.051145, 0.142503, 0.933205, 2.005688, -2.011621, 0.969856
0.327835, 0.070573, 0.118057, 0.934669, 2.005936, -2.003404, 1.057753
0.327132, 0.083304, 0.119609, 0.933670, 2.005936, -2.003404, 1.057753
0.326344, 0.096170, 0.121103, 0.932515, 2.005936, -2.003404, 1.057753
0.325324, 0.108877, 0.122574, 0.931282, 2.005936, -2.003404, 1.057753
0.324540, 0.121319, 0.124140, 0.929809, 2.005936, -2.003404, 1.057753
0.323681, 0.133869, 0.125598, 0.928189, 2.005936, -2.003404, 1.057753
0.322793, 0.146813, 0.127182, 0.926324, 2.005936, -2.003404, 1.057753
0.321996, 0.159333, 0.128682, 0.924323, 2.005936, -2.003404, 1.057753
0.320949, 0.171964, 0.130177, 0.922211, 2.005936, -2.003404, 1.057753
0.319759, 0.184434, 0.131776, 0.919985, 2.005936, -2.003404, 1.057753
0.324094, 0.188767, 0.147026, 0.915267, 1.992132, -1.992325, 1.009583
0.323486, 0.200583, 0.149500, 0.912564, 1.992132, -1.992325, 1.009583
0.322839, 0.212535, 0.151878, 0.909691, 1.992132, -1.992325, 1.009583
0.322273, 0.224327, 0.154268, 0.906653, 1.992132, -1.992325, 1.009583
0.321346, 0.236056, 0.156823, 0.903560, 1.992132, -1.992325, 1.009583
0.320483, 0.247746, 0.159132, 0.900328, 1.992132, -1.992325, 1.009583
0.319957, 0.259669, 0.161571, 0.896713, 1.992132, -1.992325, 1.009583
0.319084, 0.271341, 0.164096, 0.893103, 1.992132, -1.992325, 1.009583
0.318079, 0.283064, 0.166525, 0.889365, 1.992132, -1.992325, 1.009583
0.317410, 0.294459, 0.168840, 0.885459, 1.992132, -1.992325, 1.009583
0.318963, 0.291834, 0.196282, 0.880096, 2.001343, -1.977163, 0.923963
0.318262, 0.302309, 0.200525, 0.875847, 2.001343, -1.977163, 0.923963
0.317576, 0.312666, 0.205128, 0.871383, 2.001343, -1.977163, 0.923963
0.316728, 0.322951, 0.209403, 0.866912, 2.001343, -1.977163, 0.923963
0.315571, 0.333286, 0.213604, 0.862386, 2.001343, -1.977163, 0.923963
0.314706, 0.343410, 0.218004, 0.857615, 2.001343, -1.977163, 0.923963
0.313455, 0.353592, 0.222399, 0.852794, 2.001343, -1.977163, 0.923963
0.312392, 0.363629, 0.226757, 0.847801, 2.001343, -1.977163, 0.923963
0.311480, 0.373440, 0.231108, 0.842682, 2.001343, -1.977163, 0.923963
0.310585, 0.383289, 0.235445, 0.837372, 2.001343, -1.977163, 0.923963
0.298261, 0.409654, 0.221424, 0.833184, 2.009829, -2.009924, 0.998758
0.296178, 0.420519, 0.224321, 0.827721, 2.009829, -2.009924, 0.998758
0.294153, 0.431565, 0.226910, 0.822033, 2.009829, -2.009924, 0.998758
0.292271, 0.442554, 0.229819, 0.816031, 2.009829, -2.009924, 0.998758
0.290144, 0.453333, 0.232503, 0.810091, 2.009829, -2.009924, 0.998758
0.288066, 0.464113, 0.235169, 0.803936, 2.009829, -2.009924, 0.998758
0.291223, 0.477395, 0.228246, 0.796986, 1.979942, -2.004326, 1.024029
0.289562, 0.487992, 0.230179, 0.790592, 1.979942, -2.004326, 1.024029
0.287914, 0.498676, 0.231679, 0.784062, 1.979942, -2.004326, 1.024029
0.286411, 0.509270, 0.233536, 0.777222, 1.979942, -2.004326, 1.024029
0.284767, 0.519706, 0.235204, 0.770385, 1.979942, -2.004326, 1.024029
0.282981, 0.530076, 0.237175, 0.763341, 1.979942, -2.004326, 1.024029
0.281325, 0.540159, 0.238994, 0.756284, 1.979942, -2.004326, 1.024029
0.279361, 0.550420, 0.240539, 0.749090, 1.979942, -2.004326, 1.024029
0.277551, 0.560576, 0.242292, 0.741630, 1.979942, -2.004326, 1.024029
0.275520, 0.570542, 0.243975, 0.734198, 1.979942, -2.004326, 1.024029
0.275287, 0.580169, 0.245788, 0.726092, 1.976357, -2.003421, 1.020664
0.273350, 0.590034, 0.247581, 0.718222, 1.976357, -2.003421, 1.020664
0.271521, 0.599803, 0.249345, 0.710169, 1.976357, -2.003421, 1.020664
0.269790, 0.609232, 0.250889, 0.702214, 1.976357, -2.003421, 1.020664
0.268022, 0.618756, 0.252541, 0.693922, 1.976357, -2.003421, 1.020664
0.266142, 0.628351, 0.253936, 0.685463, 1.976357, -2.003421, 1.020664
0.264063, 0.637608, 0.255536, 0.677073, 1.976357, -2.003421, 1.020664
0.261987, 0.646886, 0.257107, 0.668430, 1.976357, -2.003421, 1.020664
0.260011, 0.655881, 0.258725, 0.659754, 1.976357, -2.003421, 1.020664
0.258035, 0.664843, 0.260133, 0.650947, 1.976357, -2.003421, 1.020664
0.253785, 0.666608, 0.274789, 0.644761, 2.010649, -1.995393, 0.990749
0.251831, 0.674919, 0.277014, 0.635868, 2.010649, -1.995393, 0.990749
0.249494, 0.683074, 0.279447, 0.626955, 2.010649, -1.995393, 0.990749
0.247229, 0.691226, 0.281848, 0.617775, 2.010649, -1.995393, 0.990749
0.244894, 0.699056, 0.284201, 0.608751, 2.010649, -1.995393, 0.990749
0.242359, 0.706762, 0.286657, 0.599647, 2.010649, -1.995393, 0.990749
0.240099, 0.714445, 0.288904, 0.590301, 2.010649, -1.995393, 0.990749
0.237924, 0.721863, 0.291076, 0.581017, 2.010649, -1.995393, 0.990749
0.235502, 0.729159, 0.293474, 0.571611, 2.010649, -1.995393, 0.990749
0.233234, 0.736383, 0.295685, 0.562060, 2.010649, -1.995393, 0.990749
0.227578, 0.742293, 0.301188, 0.553620, 2.025931, -1.995981, 0.989938
0.224860, 0.749266, 0.303694, 0.543883, 2.025931, -1.995981, 0.989938
0.222106, 0.756042, 0.306249, 0.534116, 2.025931, -1.995981, 0.989938
0.219428, 0.762620, 0.308723, 0.524360, 2.025931, -1.995981, 0.989938
0.216631, 0.769168, 0.311077, 0.514473, 2.025931, -1.995981, 0.989938
0.213763, 0.775549, 0.313413, 0.504580, 2.025931, -1.995981, 0.989938
0.210897, 0.781930, 0.315525, 0.494522, 2.025931, -1.995981, 0.989938
0.207971, 0.788159, 0.317887, 0.484253, 2.025931, -1.995981, 0.989938
0.205216, 0.794241, 0.319936, 0.474034, 2.025931, -1.995981, 0.989938
0.202217, 0.800189, 0.322295, 0.463607, 2.025931, -1.995981, 0.989938
0.198252, 0.817021, 0.306198, 0.446561, 1.973714, -2.018692, 1.026462
0.195370, 0.823343, 0.306910, 0.435594, 1.973714, -2.018692, 1.026462
0.192407, 0.829662, 0.307709, 0.424212, 1.973714, -2.018692, 1.026462
0.189402, 0.835758, 0.308317, 0.413009, 1.973714, -2.018692, 1.026462
0.186532, 0.841600, 0.309062, 0.401742, 1.973714, -2.018692, 1.026462
0.183624, 0.847405, 0.309748, 0.390183, 1.973714, -2.018692, 1.026462
0.180637, 0.852962, 0.310425, 0.378763, 1.973714, -2.018692, 1.026462
0.177683, 0.858471, 0.310987, 0.367075, 1.973714, -2.018692, 1.026462
0.174779, 0.863802, 0.311477, 0.355361, 1.973714, -2.018692, 1.026462
0.171490, 0.868993, 0.311993, 0.343661, 1.973714, -2.018692, 1.026462
0.176754, 0.870350, 0.316164, 0.333601, 1.975260, -2.004626, 1.000204
0.174312, 0.874876, 0.316991, 0.322062, 1.975260, -2.004626, 1.000204
0.171760, 0.879383, 0.317762, 0.310179, 1.975260, -2.004626, 1.000204
0.169397, 0.883671, 0.318500, 0.298309, 1.975260, -2.004626, 1.000204
0.166901, 0.887845, 0.319092, 0.286454, 1.975260, -2.004626, 1.000204
0.164506, 0.891866, 0.319601, 0.274532, 1.975260, -2.004626, 1.000204
0.162030, 0.895608, 0.320366, 0.262675, 1.975260, -2.004626, 1.000204
0.159350, 0.899345, 0.320917, 0.250595, 1.975260, -2.004626, 1.000204
0.156771, 0.902899, 0.321396, 0.238540, 1.975260, -2.004626, 1.000204
0.153901, 0.906401, 0.321726, 0.226373, 1.975260, -2.004626, 1.000204
0.158202, 0.908358, 0.323025, 0.213339, 1.970265, -1.999831, 0.979758
0.156148, 0.911296, 0.323721, 0.200901, 1.970265, -1.999831, 0.979758
0.154060, 0.914114, 0.324213, 0.188540, 1.970265, -1.999831, 0.979758
0.151909, 0.916778, 0.324634, 0.176220, 1.970265, -1.999831, 0.979758
0.149742, 0.919269, 0.325030, 0.163944, 1.970265, -1.999831, 0.979758
0.147585, 0.921566, 0.325497, 0.151612, 1.970265, -1.999831, 0.979758
0.145393, 0.923818, 0.325569, 0.139375, 1.970265, -1.999831, 0.979758
0.143142, 0.925833, 0.325902, 0.127006, 1.970265, -1.999831, 0.979758
0.140802, 0.927711, 0.326203, 0.114536, 1.970265, -1.999831, 0.979758
0.138668, 0.929349, 0.326540, 0.102244, 1.970265, -1.999831, 0.979758
0.116000, 0.924582, 0.348025, 0.102815, 2.056090, -1.989912, 1.028267
0.112455, 0.925537, 0.349867, 0.091259, 2.056090, -1.989912, 1.028267
0.108735, 0.926363, 0.351653, 0.079804, 2.056090, -1.989912, 1.028267
0.104883, 0.927024, 0.353530, 0.068128, 2.056090, -1.989912, 1.028267
0.101284, 0.927452, 0.355493, 0.056570, 2.056090, -1.989912, 1.028267
0.097755, 0.927824, 0.357170, 0.044900, 2.056090, -1.989912, 1.028267
0.093904, 0.928023, 0.358947, 0.033344, 2.056090, -1.989912, 1.028267
0.090254, 0.928043, 0.360716, 0.021785, 2.056090, -1.989912, 1.028267
0.086360, 0.928063, 0.362131, 0.010132, 2.056090, -1.989912, 1.028267
0.082613, 0.927820, 0.363762, -0.001379, 2.056090, -1.989912, 1.028267
0.083523, 0.931435, 0.353696, -0.018750, 2.015944, -1.998321, 1.016202
0.080263, 0.931175, 0.354297, -0.030722, 2.015944, -1.998321, 1.016202
0.076901, 0.930671, 0.355110, -0.042842, 2.015944, -1.998321, 1.016202
0.073530, 0.930139, 0.355589, -0.054687, 2.015944, -1.998321, 1.016202
0.070226, 0.929386, 0.356168, -0.066740, 2.015944, -1.998321, 1.016202
0.066811, 0.928508, 0.356645, -0.078824, 2.015944, -1.998321, 1.016202
0.063422, 0.927528, 0.356969, -0.090789, 2.015944, -1.998321, 1.016202
0.060120, 0.926285, 0.357516, -0.102782, 2.015944, -1.998321, 1.016202
0.056649, 0.924865, 0.358127, -0.114720, 2.015944, -1.998321, 1.016202
0.053107, 0.923423, 0.358475, -0.126352, 2.015944, -1.998321, 1.016202
0.058931, 0.923098, 0.351726, -0.143898, 1.992786, -2.002571, 0.984322
0.056319, 0.921253, 0.351736, -0.156214, 1.992786, -2.002571, 0.984322
0.053622, 0.919314, 0.351486, -0.168653, 1.992786, -2.002571, 0.984322
0.051135, 0.917183, 0.351212, -0.181136, 1.992786, -2.002571, 0.984322
0.048588, 0.914932, 0.350908, -0.193399, 1.992786, -2.002571, 0.984322
0.045981, 0.912538, 0.350651, -0.205436, 1.992786, -2.002571, 0.984322
0.043171, 0.909985, 0.350312, -0.217587, 1.992786, -2.002571, 0.984322
0.040660, 0.907251, 0.349975, -0.229696, 1.992786, -2.002571, 0.984322
0.038042, 0.904343, 0.349569, -0.241906, 1.992786, -2.002571, 0.984322
0.035518, 0.901358, 0.349132, -0.253769, 1.992786, -2.002571, 0.984322
0.024974, 0.896994, 0.357426, -0.258893, 2.017759, -1.993972, 1.016081
0.021679, 0.893533, 0.357654, -0.270578, 2.017759, -1.993972, 1.016081
0.018413, 0.890047, 0.357795, -0.281886, 2.017759, -1.993972, 1.016081
0.015279, 0.886279, 0.358035, -0.293405, 2.017759, -1.993972, 1.016081
0.012072, 0.882303, 0.358176, -0.305131, 2.017759, -1.993972, 1.016081
0.008497, 0.878272, 0.358274, -0.316552, 2.017759, -1.993972, 1.016081
0.005328, 0.874145, 0.358287, -0.327829, 2.017759, -1.993972, 1.016081
0.001919, 0.869810, 0.358471, -0.339007, 2.017759, -1.993972, 1.016081
-0.001289, 0.865383, 0.358407, -0.350220, 2.017759, -1.993972, 1.016081
-0.004381, 0.860878, 0.358259, -0.361276, 2.017759, -1.993972, 1.016081
-0.001705, 0.857306, 0.350814, -0.376768, 1.999748, -1.998972, 0.990546
-0.004297, 0.852539, 0.350150, -0.388012, 1.999748, -1.998972, 0.990546
-0.007056, 0.847620, 0.349436, -0.399231, 1.999748, -1.998972, 0.990546
-0.009912, 0.842556, 0.348498, -0.410550, 1.999748, -1.998972, 0.990546
-0.012480, 0.837259, 0.347592, -0.421925, 1.999748, -1.998972, 0.990546
-0.015260, 0.831956, 0.346676, -0.432935, 1.999748, -1.998972, 0.990546
-0.018036, 0.826525, 0.345794, -0.443799, 1.999748, -1.998972, 0.990546
-0.020691, 0.820807, 0.344924, -0.454836, 1.999748, -1.998972, 0.990546
-0.023367, 0.814962, 0.343956, -0.465817, 1.999748, -1.998972, 0.990546
-0.025913, 0.808933, 0.343084, -0.476707, 1.999748, -1.998972, 0.990546
-0.035639, 0.804728, 0.339161, -0.485915, 1.982698, -2.000765, 1.007671
-0.038781, 0.798707, 0.337960, -0.496333, 1.982698, -2.000765, 1.007671
-0.041848, 0.792471, 0.336887, -0.506701, 1.982698, -2.000765, 1.007671
-0.044943, 0.786069, 0.335461, -0.517244, 1.982698, -2.000765, 1.007671
-0.048067, 0.779598, 0.333994, -0.527602, 1.982698, -2.000765, 1.007671
-0.051069, 0.773076, 0.332518, -0.537752, 1.982698, -2.000765, 1.007671
-0.054141, 0.766240, 0.331305, -0.547889, 1.982698, -2.000765, 1.007671
-0.057212, 0.759352, 0.330083, -0.557814, 1.982698, -2.000765, 1.007671
-0.060300, 0.752274, 0.328654, -0.567833, 1.982698, -2.000765, 1.007671
-0.063227, 0.745163, 0.327056, -0.577727, 1.982698, -2.000765, 1.007671
-0.052904, 0.734081, 0.328839, -0.591770, 2.013417, -2.002651, 0.975703
-0.054830, 0.726511, 0.327388, -0.601658, 2.013417, -2.002651, 0.975703
-0.056698, 0.718652, 0.326152, -0.611514, 2.013417, -2.002651, 0.975703
-0.058647, 0.710774, 0.324712, -0.621228, 2.013417, -2.002651, 0.975703
-0.060730, 0.702914, 0.323301, -0.630634, 2.013417, -2.002651, 0.975703
-0.062725, 0.694792, 0.321820, -0.640126, 2.013417, -2.002651, 0.975703
-0.064892, 0.686323, 0.320416, -0.649679, 2.013417, -2.002651, 0.975703
-0.066687, 0.677856, 0.319053, -0.658991, 2.013417, -2.002651, 0.975703
-0.068436, 0.669338, 0.317479, -0.668214, 2.013417, -2.002651, 0.975703
-0.070120, 0.660617, 0.315979, -0.677367, 2.013417, -2.002651, 0.975703
-0.081367, 0.653697, 0.317856, -0.681929, 2.002915, -1.998564, 1.007250
-0.083709, 0.645003, 0.316497, -0.690502, 2.002915, -1.998564, 1.007250
-0.086212, 0.636179, 0.315287, -0.698883, 2.002915, -1.998564, 1.007250
-0.088758, 0.627332, 0.314116, -0.707041, 2.002915, -1.998564, 1.007250
-0.091200, 0.618379, 0.312804, -0.715153, 2.002915, -1.998564, 1.007250
-0.093609, 0.609167, 0.311224, -0.723390, 2.002915, -1.998564, 1.007250
-0.095926, 0.599771, 0.309866, -0.731475, 2.002915, -1.998564, 1.007250
-0.098366, 0.590422, 0.308278, -0.739386, 2.002915, -1.998564, 1.007250
-0.100844, 0.581010, 0.306801, -0.747082, 2.002915, -1.998564, 1.007250
-0.103022, 0.571383, 0.305400, -0.754744, 2.002915, -1.998564, 1.007250
-0.109133, 0.562753, 0.302938, -0.761332, 1.991869, -1.998461, 1.013727
-0.111639, 0.552974, 0.301294, -0.768751, 1.991869, -1.998461, 1.013727
-0.114270, 0.543325, 0.299638, -0.775859, 1.991869, -1.998461, 1.013727
-0.116681, 0.533616, 0.297797, -0.782915, 1.991869, -1.998461, 1.013727
-0.119115, 0.523715, 0.296041, -0.789870, 1.991869, -1.998461, 1.013727
-0.121675, 0.513638, 0.294414, -0.796675, 1.991869, -1.998461, 1.013727
-0.123955, 0.503502, 0.292917, -0.803318, 1.991869, -1.998461, 1.013727
-0.126500, 0.493200, 0.291251, -0.809892, 1.991869, -1.998461, 1.013727
-0.129019, 0.482829, 0.289473, -0.816355, 1.991869, -1.998461, 1.013727
-0.131339, 0.472287, 0.287779, -0.822726, 1.991869, -1.998461, 1.013727
-0.129891, 0.461692, 0.280586, -0.831409, 1.991104, -2.001261, 0.992785
-0.131978, 0.450819, 0.278668, -0.837668, 1.991104, -2.001261, 0.992785
-0.133858, 0.439967, 0.276490, -0.843839, 1.991104, -2.001261, 0.992785
-0.135774, 0.429211, 0.274205, -0.849797, 1.991104, -2.001261, 0.992785
-0.137651, 0.418266, 0.271913, -0.855669, 1.991104, -2.001261, 0.992785
-0.139632, 0.407330, 0.269715, -0.861301, 1.991104, -2.001261, 0.992785
-0.141396, 0.396385, 0.267373, -0.866832, 1.991104, -2.001261, 0.992785
-0.143297, 0.385362, 0.265203, -0.872141, 1.991104, -2.001261, 0.992785
-0.144991, 0.374225, 0.262830, -0.877413, 1.991104, -2.001261, 0.992785
-0.146998, 0.363014, 0.260470, -0.882478, 1.991104, -2.001261, 0.992785
-0.145253, 0.352515, 0.252950, -0.889186, 1.992010, -2.000820, 0.973324
-0.146818, 0.341525, 0.250213, -0.893979, 1.992010, -2.000820, 0.973324
-0.148115, 0.330263, 0.247317, -0.898790, 1.992010, -2.000820, 0.973324
-0.149432, 0.319054, 0.244598, -0.903353, 1.992010, -2.000820, 0.973324
-0.150806, 0.307678, 0.241738, -0.907829, 1.992010, -2.000820, 0.973324
-0.152300, 0.296156, 0.238955, -0.912139, 1.992010, -2.000820, 0.973324
-0.153703, 0.284657, 0.236128, -0.916291, 1.992010, -2.000820, 0.973324
