16513.849609 15409.329102 16725.478516 -1036.281616 422.701538 -92.526733 0.044575 0.012281 0.016326

1.00792539117431640625 0.9405108094482421875 1.020842194580078125 -0.0632496103515625 0.0257996544189453125 -0.00564738360595703125



17977.529297 14323.212891 16846.214844 -297.670685 600.940063 3.850148 -0.002162 0.104959 -0.019589

16199.520508 15545.800781 16873.466797 -1106.988159 604.050842 -140.908035 0.045372 -0.001299 0.003169

16290.896484 15400.432617 16675.828125 -1076.340210 530.096680 -6.935750 0.024399 0.001010 0.024623



