0.999886, 0.011062, -0.009881, 0.002749
0.999957, 0.006494, -0.004550, 0.004742
0.999505, -0.017859, 0.025909, -0.000037
0.999418, -0.015058, 0.024926, 0.017780
0.999267, -0.003542, 0.037092, 0.008761
0.998414, -0.007656, 0.055444, 0.006061
0.998124, -0.003221, 0.059179, 0.015336
0.996366, -0.008921, 0.084577, 0.004633
0.996047, -0.003982, 0.087582, 0.014252
0.995029, 0.002928, 0.098894, 0.011372
0.994242, 0.004687, 0.105348, 0.019020
0.991158, -0.009114, 0.131634, 0.013964
0.990045, -0.008165, 0.138938, 0.020976
0.987616, -0.001897, 0.156472, 0.011287
0.987123, 0.002217, 0.158378, 0.022351
0.984173, -0.005681, 0.175537, 0.023618
0.983268, 0.002064, 0.179824, 0.029051
0.980305, 0.002086, 0.195759, 0.026022
0.977382, -0.000117, 0.209778, 0.026789
0.974184, -0.009364, 0.223169, 0.032775
0.970074, -0.008622, 0.241187, 0.026667
0.969363, -0.004507, 0.242685, 0.037674
0.963900, -0.002578, 0.264971, 0.026091
0.964077, -0.007433, 0.261050, 0.048509
0.958257, -0.003646, 0.283699, 0.035292
0.952560, -0.012065, 0.302230, 0.033771
0.949916, -0.015341, 0.309268, 0.042164
0.946507, -0.016084, 0.318972, 0.046066
0.941034, -0.014751, 0.335472, 0.041188
0.938290, -0.005417, 0.343230, 0.042127
0.931775, -0.016419, 0.360125, 0.042839
0.933531, -0.009057, 0.353165, 0.060925
0.924802, -0.011249, 0.377032, 0.049612
0.916410, -0.012648, 0.397917, 0.041174
0.914903, -0.015906, 0.399707, 0.054158
0.908201, -0.019828, 0.414708, 0.052872
0.907821, -0.003587, 0.415167, 0.059032
0.896794, -0.013890, 0.439339, 0.050493
0.895074, -0.022889, 0.440442, 0.065795
0.882984, -0.017955, 0.466505, 0.048881
0.887573, -0.020517, 0.453838, 0.076323
0.873170, -0.022511, 0.483439, 0.057911
0.872075, -0.023260, 0.483691, 0.070619
0.857964, -0.024609, 0.510154, 0.055102
0.852862, -0.029273, 0.517764, 0.060737
0.850979, -0.031026, 0.519307, 0.072061
0.844348, -0.026274, 0.530400, 0.071150
0.836244, -0.028052, 0.543129, 0.070139
0.826943, -0.026716, 0.557731, 0.066236
0.822428, -0.036749, 0.562673, 0.075239
0.816597, -0.030300, 0.571317, 0.076474
0.805350, -0.034163, 0.587468, 0.071593
0.797839, -0.034755, 0.597468, 0.072642
0.790428, -0.033850, 0.607165, 0.073671
0.782980, -0.045523, 0.615447, 0.078072
0.777530, -0.034445, 0.622785, 0.080003
0.766644, -0.034511, 0.636581, 0.076356
0.755828, -0.050044, 0.648368, 0.076403
0.753595, -0.040634, 0.650626, 0.084433
0.746616, -0.047059, 0.657651, 0.088571
0.730733, -0.046053, 0.676606, 0.078183
0.728119, -0.051611, 0.677735, 0.088623
0.716387, -0.053659, 0.690388, 0.085294
0.709561, -0.049398, 0.697356, 0.088196
0.700413, -0.052592, 0.706201, 0.089084
0.694433, -0.051137, 0.711586, 0.093772
0.682465, -0.055534, 0.723075, 0.091218
0.671168, -0.060103, 0.733399, 0.089705
0.665063, -0.057897, 0.738524, 0.094458
0.652253, -0.062245, 0.749915, 0.091214
0.640695, -0.058691, 0.760325, 0.089281
0.631838, -0.060813, 0.767311, 0.091193
0.629807, -0.070540, 0.766803, 0.101889
0.620743, -0.073292, 0.773684, 0.103537
0.604898, -0.058251, 0.788247, 0.096813
0.596068, -0.072175, 0.793528, 0.099032
0.586301, -0.073112, 0.800549, 0.100135
0.571370, -0.076204, 0.811574, 0.095280
0.564692, -0.077014, 0.815573, 0.100162
0.553030, -0.092629, 0.822085, 0.098765
0.542813, -0.082731, 0.829752, 0.100107
0.528256, -0.075349, 0.840161, 0.096944
0.522156, -0.081104, 0.842806, 0.102237
0.513320, -0.084220, 0.847608, 0.104735
0.500476, -0.083195, 0.855525, 0.103342
0.479957, -0.080314, 0.868514, 0.094200
0.487328, -0.082578, 0.861783, 0.114114
0.465850, -0.098174, 0.873513, 0.101592
0.462151, -0.094392, 0.874793, 0.110648
0.447501, -0.101863, 0.882065, 0.106434
0.438798, -0.096955, 0.886474, 0.110539
0.419087, -0.099123, 0.896726, 0.102094
0.410237, -0.105563, 0.899849, 0.104085
0.402711, -0.103386, 0.902886, 0.109236
0.392646, -0.103889, 0.907006, 0.111253
0.376329, -0.104961, 0.914297, 0.106870
0.369345, -0.105132, 0.916482, 0.112213
0.356182, -0.119970, 0.920427, 0.107498
0.331928, -0.107646, 0.931907, 0.098923
0.323613, -0.110007, 0.934166, 0.102502
0.322708, -0.118335, 0.932419, 0.111589
0.303455, -0.113100, 0.940082, 0.106632
0.299483, -0.119961, 0.939766, 0.112952
0.281916, -0.118747, 0.945854, 0.108548
0.260575, -0.120570, 0.952733, 0.099312
0.259837, -0.130362, 0.950738, 0.107644
0.241418, -0.122985, 0.956860, 0.104936
0.234180, -0.132471, 0.957200, 0.106671
0.218204, -0.129546, 0.961572, 0.104802
0.219960, -0.140670, 0.958493, 0.114543
0.200088, -0.141574, 0.963552, 0.107188
0.185466, -0.145334, 0.966294, 0.103715
0.158303, -0.125955, 0.974312, 0.098954
0.162624, -0.142926, 0.970302, 0.107888
0.147143, -0.142987, 0.973031, 0.105422
0.137483, -0.140581, 0.974273, 0.110129
0.128017, -0.146747, 0.974612, 0.110492
0.105253, -0.149706, 0.978103, 0.099118
0.098458, -0.145308, 0.978520, 0.108126
0.082633, -0.152001, 0.979674, 0.101520
0.083289, -0.161079, 0.977239, 0.110095
0.064910, -0.162734, 0.979052, 0.103737
0.051861, -0.164663, 0.979631, 0.102565
0.041982, -0.166970, 0.979521, 0.104393
0.029433, -0.170219, 0.979585, 0.102820
0.017693, -0.173019, 0.979429, 0.102322
0.013784, -0.177556, 0.977995, 0.108673
0.011704, 0.167913, -0.980374, -0.102642
0.020685, 0.175715, -0.978993, -0.101340
0.035590, 0.173878, -0.978944, -0.100838
0.048518, 0.181578, -0.977566, -0.095082
0.056856, 0.187045, -0.976005, -0.095890
0.069615, 0.189312, -0.974895, -0.094308
0.086752, 0.180173, -0.974953, -0.097353
0.092650, 0.195696, -0.971920, -0.092144
0.113921, 0.185687, -0.971691, -0.091429
0.124165, 0.182624, -0.970429, -0.097459
0.138820, 0.193914, -0.967411, -0.085101
0.150255, 0.192089, -0.965752, -0.088594
0.160013, 0.200281, -0.962892, -0.084398
0.169076, 0.200933, -0.960858, -0.088264
0.184330, 0.199155, -0.958521, -0.087162
0.198742, 0.191217, -0.956642, -0.093667
0.206709, 0.206625, -0.952702, -0.083290
0.228958, 0.204343, -0.948903, -0.073518
0.222173, 0.216878, -0.946817, -0.084500
0.247405, 0.202800, -0.943681, -0.084434
0.254779, 0.211111, -0.940136, -0.081636
0.267685, 0.213833, -0.936239, -0.077952
0.284386, 0.208239, -0.932459, -0.079254
0.288222, 0.223711, -0.928302, -0.071664
0.307328, 0.218363, -0.923638, -0.068987
0.313924, 0.224851, -0.919884, -0.068612
0.326125, 0.217233, -0.916617, -0.079153
0.335494, 0.231463, -0.910943, -0.063650
0.343884, 0.230453, -0.907549, -0.070645
0.365818, 0.224345, -0.900936, -0.064506
0.377168, 0.224682, -0.896111, -0.065166
0.387540, 0.230431, -0.890649, -0.058806
0.396769, 0.233227, -0.885848, -0.058761
0.405655, 0.235688, -0.881096, -0.059711
0.421726, 0.232673, -0.874484, -0.057351
0.428356, 0.237620, -0.869888, -0.057817
0.438913, 0.239668, -0.864153, -0.056154
0.451804, 0.235840, -0.858227, -0.060828
0.456090, 0.251778, -0.852408, -0.044608
0.476839, 0.240060, -0.844168, -0.048736
0.485845, 0.242534, -0.838320, -0.048486
0.493488, 0.246962, -0.832638, -0.046837
0.511257, 0.247048, -0.822536, -0.031893
0.505035, 0.259794, -0.821995, -0.042088
0.522025, 0.253210, -0.813319, -0.043431
0.537730, 0.247193, -0.804728, -0.046408
0.543894, 0.261030, -0.797161, -0.024023
0.552757, 0.259122, -0.791341, -0.033099
0.568413, 0.253917, -0.781872, -0.033303
0.571710, 0.261272, -0.777043, -0.032998
0.580273, 0.266674, -0.769179, -0.023067
0.589204, 0.268673, -0.761716, -0.021001
0.605824, 0.261997, -0.750923, -0.021202
0.615363, 0.261287, -0.743254, -0.025133
0.622459, 0.264450, -0.736216, -0.024431
0.625312, 0.274699, -0.730299, -0.013751
0.636103, 0.273325, -0.721422, -0.014727
0.652494, 0.265940, -0.709406, -0.016437
0.656108, 0.273324, -0.703340, -0.011355
0.667436, 0.272144, -0.693112, -0.007921
0.678913, 0.268580, -0.683196, -0.013607
0.681899, 0.276922, -0.676980, -0.005015
0.693157, 0.276534, -0.665612, 0.004814
0.705717, 0.271876, -0.654252, 0.001200
0.710334, 0.278149, -0.646467, 0.011846
0.709590, 0.285363, -0.644228, -0.004552
0.723902, 0.281593, -0.629745, 0.009600
0.726055, 0.288961, -0.623818, 0.014037
0.737757, 0.284566, -0.612097, 0.008573
0.741699, 0.289745, -0.604780, 0.013062
0.754329, 0.284751, -0.591386, 0.012948
0.764442, 0.282801, -0.579059, 0.018512
0.773949, 0.280739, -0.567335, 0.017878
0.779473, 0.283549, -0.558081, 0.023818
0.784506, 0.286519, -0.549337, 0.026195
0.791358, 0.287147, -0.539038, 0.027166
0.801296, 0.284063, -0.525423, 0.034105
0.798347, 0.296011, -0.523230, 0.035350
0.811221, 0.288943, -0.507118, 0.035545
0.822790, 0.282957, -0.491535, 0.036673
0.823742, 0.290014, -0.485511, 0.040245
0.827157, 0.294010, -0.477634, 0.035144
0.831153, 0.296580, -0.467770, 0.049153
0.836090, 0.298018, -0.457494, 0.053272
0.841487, 0.298692, -0.446627, 0.056639
0.839690, 0.308061, -0.442634, 0.063984
0.848046, 0.305379, -0.429256, 0.057446
0.854214, 0.304838, -0.417277, 0.057206
0.866205, 0.295648, -0.398055, 0.061913
0.864944, 0.303724, -0.393243, 0.070595
0.880260, 0.290536, -0.370098, 0.061309
0.875577, 0.303238, -0.369343, 0.070696
0.879923, 0.302855, -0.357553, 0.078552
0.882686, 0.303670, -0.347058, 0.090558
0.890224, 0.302424, -0.332778, 0.072801
0.895887, 0.298961, -0.318432, 0.081305
0.899338, 0.298994, -0.306913, 0.087165
0.909855, 0.288716, -0.285625, 0.085006
0.908392, 0.295882, -0.280477, 0.092787
0.906793, 0.305790, -0.276330, 0.088665
0.912201, 0.301867, -0.261061, 0.092802
0.914509, 0.303398, -0.250306, 0.094708
0.917590, 0.301292, -0.237577, 0.103964
0.922792, 0.298029, -0.221853, 0.102052
0.918948, 0.308045, -0.220037, 0.110571
0.926699, 0.298922, -0.199240, 0.110354
0.931587, 0.296504, -0.182942, 0.103744
0.929530, 0.299877, -0.177318, 0.120856
0.930898, 0.301508, -0.166430, 0.121748
0.930390, 0.308864, -0.159222, 0.116730
0.934508, 0.301573, -0.141996, 0.124845
0.939551, 0.297407, -0.123139, 0.116744
0.938476, 0.299560, -0.115400, 0.127316
0.940482, 0.296061, -0.101127, 0.132722
0.940620, 0.299901, -0.091032, 0.130414
0.941996, 0.297798, -0.077472, 0.134010
0.940623, 0.302621, -0.069977, 0.136940
0.937197, 0.308071, -0.066601, 0.149397
0.942342, 0.300667, -0.043616, 0.140315
0.944803, 0.293753, -0.025479, 0.142855
0.941046, 0.300466, -0.022834, 0.153723
0.944944, 0.292641, -0.000038, 0.146427
0.940019, 0.300651, -0.000367, 0.161159
0.943624, 0.287274, 0.023610, 0.162756
0.942940, 0.292859, 0.035223, 0.154455
0.940841, 0.295155, 0.043350, 0.160691
0.942031, 0.290143, 0.062598, 0.156446
0.940361, 0.285203, 0.073208, 0.170354
0.937442, 0.286865, 0.079842, 0.180379
0.935055, 0.293671, 0.087807, 0.178101
0.934324, 0.287687, 0.103067, 0.183447
0.932673, 0.289689, 0.115061, 0.181558
0.932713, 0.280440, 0.135381, 0.181855
0.927754, 0.288928, 0.134529, 0.194152
0.929588, 0.272833, 0.165511, 0.184483
0.924477, 0.280580, 0.163910, 0.199374
0.922502, 0.282146, 0.178228, 0.193954
0.920873, 0.274833, 0.196147, 0.194898
0.916679, 0.283383, 0.199737, 0.198743
0.914921, 0.271917, 0.219353, 0.202150
0.911272, 0.279741, 0.228161, 0.198169
0.907888, 0.273222, 0.238383, 0.210386
0.904107, 0.277842, 0.247153, 0.210500
0.899897, 0.276844, 0.252291, 0.223363
0.896963, 0.270929, 0.270711, 0.220839
0.893090, 0.271363, 0.281863, 0.222051
0.889117, 0.272529, 0.294134, 0.220647
0.884738, 0.272232, 0.300764, 0.229499
0.880856, 0.265025, 0.318774, 0.228558
0.876588, 0.259785, 0.335583, 0.226912
0.871891, 0.260055, 0.343820, 0.232305
0.866948, 0.265773, 0.353166, 0.230302
0.862097, 0.268977, 0.355197, 0.241402
0.857302, 0.256800, 0.371212, 0.247563
0.851702, 0.270893, 0.381278, 0.236320
0.846827, 0.256459, 0.394359, 0.248180
0.841498, 0.258632, 0.402079, 0.251638
0.835734, 0.256462, 0.416350, 0.249858
0.829400, 0.248925, 0.435998, 0.245025
0.824244, 0.253108, 0.437377, 0.255459
0.818417, 0.252203, 0.446477, 0.259317
0.812023, 0.247027, 0.460548, 0.259794
0.805264, 0.244482, 0.474699, 0.257758
0.799366, 0.235836, 0.483351, 0.267895
0.792704, 0.245491, 0.491371, 0.264404
0.786348, 0.226618, 0.503660, 0.276817
0.779415, 0.239616, 0.511463, 0.271114
0.771563, 0.224384, 0.529191, 0.272580
0.764274, 0.230195, 0.538230, 0.270562
0.755933, 0.227542, 0.552830, 0.266773
0.752303, 0.227452, 0.546328, 0.289537
0.742305, 0.229311, 0.565745, 0.276282
0.734774, 0.224216, 0.575764, 0.279876
0.728652, 0.221105, 0.579656, 0.290135
0.720500, 0.224299, 0.589224, 0.288765
0.711458, 0.215897, 0.603533, 0.288035
0.703796, 0.206763, 0.612634, 0.294280
0.694497, 0.221242, 0.621649, 0.286843
0.687918, 0.211195, 0.627267, 0.297828
0.679333, 0.198687, 0.638434, 0.302376
0.671381, 0.201206, 0.644848, 0.304853
0.662278, 0.199221, 0.654773, 0.304913
0.651264, 0.197076, 0.669081, 0.298909
0.645381, 0.191020, 0.670552, 0.312019
0.636174, 0.193641, 0.678746, 0.311591
0.628563, 0.195693, 0.682809, 0.316836
0.614583, 0.186409, 0.703044, 0.305399
0.610362, 0.186060, 0.699378, 0.322042
0.600341, 0.187016, 0.708209, 0.321021
0.588217, 0.182841, 0.721791, 0.315574
0.580209, 0.182044, 0.725904, 0.321375
0.566911, 0.183628, 0.739631, 0.312793
0.560493, 0.179908, 0.740798, 0.323574
0.551842, 0.168679, 0.747205, 0.329700
0.541325, 0.164575, 0.755625, 0.330018
0.530021, 0.166131, 0.764213, 0.327806
0.521487, 0.160506, 0.768743, 0.333653
0.508711, 0.156205, 0.780046, 0.329153
0.500265, 0.158882, 0.782688, 0.334501
0.489408, 0.174594, 0.786524, 0.333732
0.478072, 0.162790, 0.795922, 0.333848
0.469650, 0.158750, 0.799098, 0.340101
0.455329, 0.153470, 0.811044, 0.333661
0.449167, 0.142069, 0.811700, 0.345265
0.435621, 0.135503, 0.822035, 0.340779
0.427700, 0.136476, 0.822978, 0.348073
0.411098, 0.135389, 0.835941, 0.337448
0.405089, 0.131038, 0.834819, 0.349012
0.394482, 0.126819, 0.839668, 0.351082
0.379387, 0.128449, 0.849109, 0.344355
0.375260, 0.125844, 0.845114, 0.359340
0.359211, 0.127530, 0.855112, 0.351407
0.347233, 0.118421, 0.861547, 0.350917
0.336439, 0.119189, 0.864730, 0.353333
0.326922, 0.110915, 0.867729, 0.357585
0.315822, 0.122700, 0.869020, 0.360561
0.301823, 0.097514, 0.879437, 0.354942
0.283732, 0.101230, 0.889248, 0.344219
0.276352, 0.103368, 0.887566, 0.353796
0.261416, 0.110165, 0.892655, 0.350275
0.253467, 0.089945, 0.895143, 0.355505
0.245241, 0.089687, 0.894439, 0.363031
0.231002, 0.102187, 0.897236, 0.362165
0.217600, 0.092511, 0.902873, 0.359045
0.204209, 0.091218, 0.906716, 0.357552
0.193435, 0.086383, 0.908588, 0.359985
0.182379, 0.082629, 0.910368, 0.362134
0.170192, 0.076564, 0.913391, 0.361786
0.158732, 0.073723, 0.915036, 0.363424
0.149599, 0.062587, 0.915953, 0.367060
0.131418, 0.064605, 0.922073, 0.358241
0.123083, 0.063611, 0.920324, 0.365797
0.114882, 0.052207, 0.920172, 0.370620
0.099807, 0.058180, 0.922393, 0.368571
0.090200, 0.039495, 0.924302, 0.368742
0.073793, 0.056732, 0.925147, 0.368022
0.062868, 0.051872, 0.925471, 0.369947
0.056449, 0.037552, 0.924080, 0.376138
0.029393, 0.051801, 0.932098, 0.357277
0.030383, 0.030331, 0.926686, 0.373378
0.008289, 0.034611, 0.932488, 0.359442
0.005979, 0.021350, 0.927739, 0.372570
0.007507, -0.024316, -0.927568, -0.372787
0.018888, -0.016149, -0.927814, -0.372216
0.033070, -0.024178, -0.926730, -0.373488
0.048910, -0.019192, -0.928900, -0.366584
0.064707, -0.018431, -0.929975, -0.361413
0.071244, -0.012482, -0.926291, -0.369801
0.087975, -0.016252, -0.926625, -0.365189
0.095098, -0.012038, -0.922765, -0.373251
0.112404, -0.007663, -0.924700, -0.363643
0.125513, -0.006507, -0.923357, -0.362790
0.136300, -0.001091, -0.921480, -0.363726
0.145820, 0.005717, -0.919097, -0.366011
0.157885, 0.004551, -0.916276, -0.368090
0.172219, 0.006143, -0.915066, -0.364632
0.181737, 0.004853, -0.910523, -0.371342
0.194177, 0.016438, -0.910310, -0.365186
0.207477, 0.014848, -0.907384, -0.365222
0.217069, 0.021203, -0.904304, -0.366968
0.226806, 0.026450, -0.900950, -0.368982
0.245208, 0.013567, -0.897173, -0.367110
0.254111, 0.037622, -0.897684, -0.358016
0.263077, 0.033187, -0.891404, -0.367542
0.272485, 0.033409, -0.886225, -0.373150
0.282914, 0.040352, -0.883087, -0.372140
0.298843, 0.051526, -0.883182, -0.357809
0.313982, 0.038815, -0.876922, -0.361824
0.320960, 0.048136, -0.872569, -0.365090
0.323989, 0.067091, -0.868942, -0.368063
0.344547, 0.062647, -0.866505, -0.355713
0.354251, 0.065633, -0.861404, -0.358024
0.365757, 0.068898, -0.856966, -0.356488
0.380393, 0.053077, -0.848347, -0.364406
0.387175, 0.072534, -0.846372, -0.358453
0.406578, 0.062973, -0.841001, -0.351348
0.415777, 0.074310, -0.837430, -0.346870
0.418826, 0.082594, -0.830673, -0.357415
0.438398, 0.065832, -0.822531, -0.356252
0.441592, 0.078173, -0.816927, -0.362651
0.459208, 0.077216, -0.812499, -0.350729
0.470227, 0.080103, -0.806676, -0.348917
0.477565, 0.090144, -0.801681, -0.348013
0.488951, 0.094710, -0.796338, -0.343223
0.499330, 0.096648, -0.789720, -0.343031
0.508824, 0.094684, -0.781375, -0.348693
0.522204, 0.102199, -0.777437, -0.335335
0.527518, 0.109305, -0.770468, -0.340817
0.545900, 0.100242, -0.762525, -0.332417
0.555154, 0.101513, -0.754701, -0.334554
0.566527, 0.101519, -0.747085, -0.332574
0.572540, 0.111493, -0.741061, -0.332561
0.580606, 0.116639, -0.733981, -0.332511
0.596307, 0.099606, -0.720988, -0.338633
0.600239, 0.115853, -0.716636, -0.335744
0.615664, 0.115608, -0.710004, -0.321694
0.617486, 0.127010, -0.702765, -0.329698
0.631496, 0.119992, -0.692631, -0.327228
0.637578, 0.132325, -0.687361, -0.321743
0.650342, 0.128394, -0.677877, -0.317887
0.653462, 0.135902, -0.669345, -0.326336
0.669917, 0.130934, -0.660697, -0.312324
0.673022, 0.134817, -0.650320, -0.325499
0.682050, 0.135018, -0.640676, -0.325747
0.691125, 0.147628, -0.636858, -0.308164
0.698195, 0.152171, -0.628402, -0.307373
0.705332, 0.150474, -0.616986, -0.314948
0.715692, 0.146594, -0.605729, -0.315259
0.722073, 0.154695, -0.598610, -0.310398
0.733911, 0.151814, -0.588502, -0.303304
0.737316, 0.159521, -0.579688, -0.308026
0.748326, 0.163174, -0.572505, -0.292610
0.753574, 0.165395, -0.561742, -0.298693
0.758403, 0.171298, -0.552681, -0.300042
0.766057, 0.171710, -0.542044, -0.299766
0.774950, 0.172433, -0.532238, -0.294009
0.784765, 0.166075, -0.518875, -0.295520
0.790732, 0.171705, -0.510250, -0.291384
0.789394, 0.194568, -0.507622, -0.285168
0.798482, 0.187513, -0.493320, -0.289655
0.807108, 0.186954, -0.482650, -0.284033
0.816621, 0.179860, -0.468501, -0.285108
0.826227, 0.180234, -0.459327, -0.271816
0.826843, 0.189544, -0.449520, -0.279885
0.832252, 0.189199, -0.436807, -0.284183
0.841256, 0.186193, -0.425102, -0.277325
0.844832, 0.202356, -0.422328, -0.258747
0.852250, 0.192199, -0.404648, -0.270165
0.858958, 0.190007, -0.391882, -0.269289
0.860979, 0.201145, -0.384676, -0.265105
0.868658, 0.196790, -0.371345, -0.262317
0.872530, 0.203328, -0.362651, -0.256582
0.875355, 0.211032, -0.353988, -0.252806
0.882989, 0.204152, -0.339016, -0.252429
0.888225, 0.206961, -0.329233, -0.244601
0.890713, 0.208186, -0.315436, -0.252563
0.896264, 0.207946, -0.303877, -0.247241
0.903293, 0.204413, -0.291625, -0.239232
0.902205, 0.213644, -0.280277, -0.248652
0.902948, 0.226675, -0.274576, -0.240647
0.913808, 0.206168, -0.253314, -0.241414
0.912847, 0.217421, -0.243947, -0.244802
0.916473, 0.222695, -0.235718, -0.234353
0.919625, 0.228932, -0.227938, -0.223437
0.923194, 0.216328, -0.204616, -0.242998
0.928132, 0.219373, -0.196988, -0.227249
0.929046, 0.225916, -0.186906, -0.225615
0.932292, 0.225656, -0.174467, -0.222422
0.935569, 0.220303, -0.157928, -0.226352
0.940199, 0.225430, -0.152824, -0.204577
0.936914, 0.232538, -0.137562, -0.221798
0.941487, 0.232967, -0.128784, -0.206744
0.943026, 0.235578, -0.117476, -0.203482
0.945521, 0.233486, -0.103792, -0.201745
0.948318, 0.233800, -0.093059, -0.193315
0.948355, 0.233582, -0.077546, -0.200121
0.947997, 0.241123, -0.068420, -0.196162
0.951804, 0.234005, -0.053771, -0.190840
0.949602, 0.239248, -0.039924, -0.198553
0.951878, 0.237383, -0.027891, -0.191832
0.950239, 0.245798, -0.018223, -0.190517
0.950411, 0.244531, -0.003613, -0.192119
0.951376, 0.242324, 0.010062, -0.189900
0.952611, 0.238223, 0.024414, -0.187579
0.951931, 0.245756, 0.032285, -0.179967
0.951096, 0.247189, 0.045145, -0.179653
0.950409, 0.246267, 0.059347, -0.180424
0.949893, 0.244255, 0.073744, -0.180565
0.954337, 0.244448, 0.077236, -0.153364
0.950283, 0.245720, 0.094807, -0.166118
0.947216, 0.248722, 0.108832, -0.170512
0.947888, 0.237437, 0.126550, -0.170635
0.948312, 0.239885, 0.134389, -0.158427
0.944890, 0.240917, 0.149477, -0.163705
0.943853, 0.249479, 0.154906, -0.151345
0.941676, 0.254482, 0.164471, -0.146405
0.941991, 0.247173, 0.178236, -0.140679
0.939014, 0.241882, 0.195682, -0.146475
0.936677, 0.252530, 0.200950, -0.135952
0.935441, 0.244421, 0.216695, -0.135104
0.930790, 0.240513, 0.234733, -0.143816
0.926559, 0.253615, 0.241085, -0.138008
0.925187, 0.248766, 0.253832, -0.133093
0.920999, 0.249976, 0.266977, -0.134154
0.918033, 0.251954, 0.277419, -0.129509
0.923009, 0.244500, 0.280157, -0.098928
0.912019, 0.256796, 0.297071, -0.118428
0.908950, 0.245212, 0.314749, -0.120891
0.904090, 0.254352, 0.322949, -0.116751
0.902348, 0.245383, 0.336302, -0.111604
0.898337, 0.246193, 0.347344, -0.108315
0.890229, 0.247118, 0.363978, -0.118090
0.884347, 0.248522, 0.376741, -0.119306
0.885178, 0.250601, 0.379462, -0.098328
0.876604, 0.251292, 0.395963, -0.107849
0.875858, 0.237163, 0.408401, -0.099173
0.870814, 0.241217, 0.417732, -0.094855
0.862583, 0.243532, 0.431879, -0.100617
0.861079, 0.245066, 0.437162, -0.085877
0.854948, 0.248472, 0.447520, -0.083973
0.845597, 0.239253, 0.467352, -0.096465
0.843726, 0.238719, 0.473538, -0.083075
0.833890, 0.247604, 0.485382, -0.087882
0.829725, 0.250652, 0.492445, -0.078916
0.821509, 0.242349, 0.509005, -0.085461
0.815540, 0.247397, 0.517019, -0.079880
0.811608, 0.250142, 0.523335, -0.069586
0.805781, 0.247481, 0.533927, -0.066269
0.798756, 0.245128, 0.545522, -0.065617
0.793448, 0.242770, 0.554871, -0.060170
0.786895, 0.243912, 0.564041, -0.056224
0.774184, 0.240176, 0.581522, -0.069180
0.773987, 0.242727, 0.582831, -0.048331
0.758990, 0.246915, 0.599202, -0.062637
0.759374, 0.232108, 0.606007, -0.047253
0.748833, 0.239593, 0.615993, -0.048949
0.745972, 0.234556, 0.622213, -0.036884
0.731001, 0.233000, 0.639265, -0.051842
0.722687, 0.227637, 0.650516, -0.052276
0.719847, 0.229748, 0.653965, -0.036959
0.709503, 0.237164, 0.662598, -0.036361
0.697614, 0.239454, 0.674049, -0.040679
0.695811, 0.224684, 0.681528, -0.029719
0.682705, 0.235903, 0.690798, -0.032588
0.678778, 0.228157, 0.697617, -0.023133
0.667168, 0.227140, 0.708910, -0.027234
0.655830, 0.228399, 0.718929, -0.029347
0.651586, 0.224941, 0.724222, -0.018418
0.637427, 0.224452, 0.736612, -0.026651
0.628422, 0.229243, 0.743013, -0.021546
0.620726, 0.221548, 0.751828, -0.019232
0.604642, 0.231390, 0.761728, -0.025267
0.602521, 0.218497, 0.767480, -0.014201
0.592271, 0.214698, 0.776468, -0.014760
0.586004, 0.214912, 0.781271, -0.005375
0.573200, 0.212572, 0.791300, -0.009945
0.563861, 0.219373, 0.796195, -0.003085
0.555214, 0.226296, 0.800312, 0.005378
0.538993, 0.215745, 0.814163, -0.008891
0.531326, 0.210663, 0.820546, -0.004218
0.528599, 0.208520, 0.822783, 0.011464
0.513874, 0.209679, 0.831823, 0.006240
0.501133, 0.205631, 0.840581, 0.002294
0.495666, 0.197542, 0.845691, 0.009933
0.482959, 0.198052, 0.852907, 0.008644
0.471822, 0.192647, 0.860360, 0.007240
0.457926, 0.203996, 0.865207, 0.010319
0.450456, 0.197302, 0.870593, 0.015144
0.437369, 0.194292, 0.877962, 0.011891
0.428511, 0.192844, 0.882546, 0.017396
0.415195, 0.194566, 0.888524, 0.016818
0.399882, 0.208270, 0.892355, 0.020535
0.397527, 0.189056, 0.897502, 0.026821
0.380810, 0.191876, 0.904275, 0.021314
0.370242, 0.192873, 0.908323, 0.025882
0.355328, 0.182828, 0.916557, 0.015441
0.342834, 0.184709, 0.920893, 0.017401
0.326195, 0.186614, 0.926620, 0.012166
0.323375, 0.180362, 0.928560, 0.025966
0.317219, 0.179227, 0.930509, 0.037438
0.302188, 0.175515, 0.936426, 0.031354
0.292628, 0.173173, 0.939724, 0.036047
0.283722, 0.170587, 0.942686, 0.041781
0.265772, 0.173861, 0.947551, 0.035847
0.251424, 0.173163, 0.951672, 0.033489
0.240623, 0.172081, 0.954516, 0.037252
0.222948, 0.173444, 0.958782, 0.030793
0.217486, 0.162832, 0.961696, 0.036417
0.210877, 0.153772, 0.964455, 0.041375
0.194878, 0.156095, 0.967557, 0.038609
0.186908, 0.153470, 0.969203, 0.046463
0.164466, 0.160622, 0.972533, 0.036480
0.157182, 0.157577, 0.973861, 0.045367
0.148984, 0.152117, 0.975769, 0.050393
0.126642, 0.160434, 0.977975, 0.042282
0.124858, 0.146149, 0.980037, 0.050783
0.109108, 0.149326, 0.981477, 0.050008
0.091452, 0.155554, 0.982365, 0.048982
0.083871, 0.148090, 0.983979, 0.053098
0.070554, 0.144936, 0.985615, 0.050788
0.057836, 0.145949, 0.986126, 0.053947
0.038791, 0.137314, 0.989177, 0.034180
0.028938, 0.144206, 0.987872, 0.049761
0.015068, 0.143291, 0.988367, 0.048704
0.011237, 0.132324, 0.989562, 0.055963
0.001502, 0.126866, 0.990233, 0.057814
0.011139, -0.124600, -0.990478, -0.057487
0.027096, -0.128272, -0.989701, -0.057484
0.043287, -0.132138, -0.988617, -0.057461
0.052424, -0.120389, -0.989957, -0.052373
0.063849, -0.124359, -0.988215, -0.062361
0.076690, -0.123115, -0.987428, -0.062834
0.088257, -0.114924, -0.987819, -0.056720
0.106023, -0.122976, -0.984962, -0.059034
0.113931, -0.113758, -0.985189, -0.058999
0.136610, -0.130939, -0.979832, -0.064197
0.142532, -0.116030, -0.981151, -0.059704
0.152233, -0.107910, -0.980799, -0.056685
0.163918, -0.101322, -0.979926, -0.051082
0.173501, -0.098008, -0.978377, -0.055407
0.188760, -0.101610, -0.975093, -0.056911
0.204419, -0.102156, -0.972126, -0.052429
0.212593, -0.098263, -0.970379, -0.059278
0.230667, -0.105393, -0.965448, -0.059956
0.240949, -0.101673, -0.963227, -0.061639
0.250019, -0.094545, -0.961733, -0.060180
0.259840, -0.092162, -0.959024, -0.065285
0.276806, -0.094959, -0.954293, -0.060715
0.286405, -0.087755, -0.952384, -0.056886
0.300053, -0.090280, -0.947698, -0.060720
0.317667, -0.094743, -0.941744, -0.056838
0.320014, -0.081443, -0.941928, -0.061067
0.340861, -0.090707, -0.933977, -0.057213
0.346639, -0.077046, -0.933541, -0.049057
0.358371, -0.081436, -0.927866, -0.063274
0.375030, -0.082532, -0.921812, -0.052943
0.382989, -0.079069, -0.918313, -0.061395
0.392509, -0.070992, -0.915523, -0.052095
0.407601, -0.076788, -0.908044, -0.058498
0.410860, -0.062507, -0.907885, -0.055063
0.427155, -0.068468, -0.899784, -0.056914
0.440114, -0.070796, -0.893007, -0.061857
0.448662, -0.062077, -0.890061, -0.051383
0.459423, -0.062380, -0.884053, -0.059067
0.464804, -0.051676, -0.882176, -0.055244
0.489149, -0.067302, -0.868157, -0.050073
0.491944, -0.055444, -0.867182, -0.053964
0.506958, -0.060513, -0.857941, -0.057175
0.518248, -0.057331, -0.851990, -0.047382
0.533379, -0.062875, -0.842006, -0.050779
0.540906, -0.057211, -0.837550, -0.051555
0.552359, -0.056249, -0.830346, -0.047555
0.560152, -0.050071, -0.825791, -0.042329
0.570365, -0.050196, -0.818203, -0.052034
0.582496, -0.052871, -0.808805, -0.061133
0.589353, -0.044947, -0.805025, -0.050777
0.598246, -0.041081, -0.798923, -0.046213
0.608579, -0.038806, -0.791720, -0.036117
0.625064, -0.047110, -0.778384, -0.034551
0.630210, -0.039866, -0.774146, -0.044083
0.642238, -0.041213, -0.764547, -0.036050
0.649097, -0.036238, -0.758710, -0.041472
0.663167, -0.041514, -0.746354, -0.037974
0.665924, -0.029842, -0.744705, -0.032707
0.672497, -0.024238, -0.739110, -0.029612
0.688723, -0.033880, -0.723572, -0.030929
0.697500, -0.032243, -0.714930, -0.036463
0.707677, -0.032850, -0.704528, -0.041888
0.711586, -0.023769, -0.701224, -0.036944
0.726639, -0.032324, -0.685122, -0.039483
0.730254, -0.023062, -0.681765, -0.037321
0.742363, -0.027500, -0.668431, -0.036620
0.748087, -0.022354, -0.662710, -0.026100
0.757766, -0.023490, -0.651604, -0.025530
0.767282, -0.025171, -0.640529, -0.019154
0.771886, -0.017700, -0.635098, -0.022999
0.778727, -0.014588, -0.626769, -0.023063
0.793295, -0.025142, -0.607836, -0.024204
0.794591, -0.013346, -0.606730, -0.018035
0.808801, -0.023324, -0.587111, -0.024444
0.812582, -0.017091, -0.582426, -0.014096
0.816262, -0.007507, -0.577107, -0.024656
0.823557, -0.006559, -0.566703, -0.023641
0.829749, -0.004965, -0.557882, -0.016084
0.836838, -0.003390, -0.547096, -0.019396
0.841498, 0.000484, -0.540136, -0.011605
0.856726, -0.014223, -0.515283, -0.017385
0.859924, -0.007540, -0.510229, -0.011845
0.868812, -0.012812, -0.494911, -0.008048
0.871919, -0.006960, -0.489601, -0.000649
0.875185, 0.002146, -0.483736, -0.006768
0.884117, -0.004073, -0.467231, -0.003827
0.889348, -0.001568, -0.457213, -0.003756
0.894612, 0.000634, -0.446827, -0.003826
0.902485, -0.004064, -0.430690, -0.003159
0.904364, 0.002705, -0.426718, 0.005512
0.913745, -0.003174, -0.406258, -0.003838
0.914952, 0.002135, -0.403388, 0.011647
0.921013, 0.005508, -0.389492, -0.001043
0.922131, 0.013994, -0.386583, 0.005700
0.933370, -0.004416, -0.358797, 0.008167
0.935373, 0.006156, -0.353585, 0.004016
0.941327, -0.000666, -0.337330, 0.010522
0.941616, 0.012784, -0.336274, 0.010717
0.948962, 0.004315, -0.315225, 0.009215
0.952362, 0.006182, -0.304698, 0.011263
0.953278, 0.012100, -0.301115, 0.021073
0.959394, 0.002459, -0.281034, 0.024035
0.963749, 0.004912, -0.266288, 0.015951
0.962422, 0.015387, -0.269343, 0.031007
0.970043, 0.006001, -0.242130, 0.018823
0.973879, -0.002503, -0.225486, 0.026639
0.973882, 0.010774, -0.224928, 0.029075
0.978677, 0.005462, -0.203994, 0.023423
0.976798, 0.015209, -0.209309, 0.042710
0.979933, 0.013274, -0.194303, 0.042445
0.985309, 0.004818, -0.167755, 0.031646
0.986005, 0.008255, -0.161762, 0.039476
0.988711, 0.009002, -0.145678, 0.033862
0.989756, 0.010850, -0.136888, 0.039078
0.992571, 0.004128, -0.116029, 0.036369
0.990925, 0.012303, -0.121526, 0.056106
0.993444, 0.013139, -0.103325, 0.047125
0.995448, 0.008819, -0.084118, 0.043918
0.996754, 0.006847, -0.067995, 0.042552
0.996465, 0.006614, -0.062825, 0.055379
0.996511, 0.009993, -0.055953, 0.061112
0.996801, 0.011491, -0.045953, 0.064375
0.997001, 0.011483, -0.035038, 0.068040
0.998376, 0.019752, -0.016216, 0.050914
0.998458, 0.009356, 0.003137, 0.054624
0.997870, 0.005622, 0.012976, 0.063682
0.998027, 0.016309, 0.024131, 0.055628
0.996976, 0.005223, 0.036823, 0.068237
0.996437, 0.003011, 0.055874, 0.063110
0.996181, 0.016605, 0.063013, 0.058109
0.994866, 0.010686, 0.069505, 0.072782
0.993964, 0.014561, 0.076270, 0.077506
0.991953, 0.001630, 0.106212, 0.068886
0.991046, 0.008618, 0.112291, 0.071721
0.988927, 0.002944, 0.130060, 0.071413
0.987561, 0.004843, 0.136044, 0.078686
0.985662, 0.007886, 0.151668, 0.073516
0.982772, -0.000896, 0.167950, 0.077145
0.981812, 0.004322, 0.167823, 0.088665
0.978659, -0.000944, 0.186364, 0.086566
0.976797, 0.004666, 0.195825, 0.086588
0.973719, -0.000519, 0.209057, 0.090368
0.971062, 0.004601, 0.222722, 0.086096
0.967866, 0.000816, 0.234859, 0.089869
0.963878, -0.000435, 0.251981, 0.086284
0.961611, -0.002904, 0.256657, 0.097070
0.958074, -0.003777, 0.269191, 0.098064
0.955432, -0.003544, 0.276124, 0.104366
0.947180, -0.015504, 0.306761, 0.092237
0.947741, -0.002773, 0.301594, 0.104016
0.942868, -0.005579, 0.316767, 0.103095
0.941435, 0.003765, 0.319284, 0.108368
0.933090, -0.007409, 0.345097, 0.100973
0.928586, -0.002653, 0.357834, 0.098369
0.924402, -0.008881, 0.366350, 0.105782
0.919150, -0.007347, 0.379875, 0.103944
0.913106, -0.018480, 0.392409, 0.109136
0.906439, -0.011892, 0.410002, 0.100628
0.904810, -0.019339, 0.408703, 0.117931
0.898257, -0.015868, 0.424508, 0.112584
0.892303, -0.019506, 0.436249, 0.114463
0.886510, -0.030720, 0.445268, 0.122036
0.881910, -0.017156, 0.456200, 0.117567
0.875130, -0.024280, 0.468075, 0.120266
0.869097, -0.024373, 0.478955, 0.121153
0.862767, -0.024376, 0.490153, 0.121612
0.858570, -0.017064, 0.497276, 0.123626
0.847345, -0.030177, 0.516370, 0.120241
0.841596, -0.028900, 0.525262, 0.122394
0.837799, -0.031651, 0.529135, 0.130798
0.833861, -0.019508, 0.535607, 0.131990
0.826778, -0.035277, 0.543791, 0.139588
0.813785, -0.030279, 0.566451, 0.126376
0.805034, -0.030900, 0.579138, 0.124758
0.803028, -0.033669, 0.579105, 0.136563
0.791781, -0.035798, 0.595450, 0.131305
0.785933, -0.036726, 0.602148, 0.135568
0.775722, -0.039641, 0.615602, 0.133106
0.769805, -0.047382, 0.620992, 0.139727
0.757387, -0.041614, 0.638253, 0.131399
0.755966, -0.049397, 0.636361, 0.145328
0.748906, -0.047152, 0.644425, 0.147078
0.737534, -0.048240, 0.658173, 0.143262
0.731348, -0.045188, 0.664526, 0.146609
0.721891, -0.056135, 0.673510, 0.148686
0.712215, -0.054281, 0.684169, 0.147361
0.705606, -0.050030, 0.690689, 0.150220
0.696059, -0.053166, 0.699989, 0.150633
0.684573, -0.063547, 0.710536, 0.149863
0.671933, -0.056433, 0.724180, 0.144512
0.666520, -0.052510, 0.728394, 0.149787
0.661125, -0.063143, 0.730888, 0.157257
0.642741, -0.056073, 0.750044, 0.145513
0.638473, -0.064958, 0.751280, 0.153985
0.631650, -0.072224, 0.755322, 0.159034
0.621926, -0.075923, 0.762789, 0.159989
0.606282, -0.068402, 0.777436, 0.152763
0.597804, -0.081509, 0.782050, 0.156156
0.589997, -0.074485, 0.788092, 0.158954
0.580125, -0.078888, 0.794733, 0.160097
0.570429, -0.084244, 0.800893, 0.161507
0.558639, -0.088369, 0.808933, 0.160437
0.552788, -0.086659, 0.811982, 0.166136
0.537817, -0.077325, 0.823794, 0.161672
0.525670, -0.095194, 0.830010, 0.160288
0.515475, -0.094312, 0.836276, 0.161348
0.507059, -0.100633, 0.840111, 0.164248
0.495099, -0.099828, 0.847457, 0.163489
0.486282, -0.100301, 0.851962, 0.166223
0.472622, -0.099953, 0.860104, 0.163885
0.458591, -0.098477, 0.868292, 0.161447
0.451279, -0.106887, 0.870417, 0.165219
0.441501, -0.109505, 0.874768, 0.166934
0.425707, -0.108424, 0.883458, 0.162851
0.412640, -0.109163, 0.889786, 0.161532
0.411688, -0.123592, 0.886603, 0.170803
0.392887, -0.116171, 0.897214, 0.164775
0.377214, -0.105376, 0.905523, 0.163197
0.369524, -0.120966, 0.906470, 0.164716
0.354062, -0.108468, 0.914291, 0.164152
0.348939, -0.124034, 0.913596, 0.167926
0.336627, -0.122034, 0.918389, 0.168378
0.322982, -0.129905, 0.922773, 0.165220
0.313217, -0.145365, 0.924050, 0.163996
0.304237, -0.143263, 0.926696, 0.167781
0.293396, -0.147113, 0.929504, 0.168226
0.267800, -0.136646, 0.940545, 0.158073
0.265542, -0.143652, 0.938737, 0.166204
0.250289, -0.139493, 0.943769, 0.164913
0.237047, -0.146014, 0.946674, 0.162166
0.215379, -0.139630, 0.953898, 0.155545
0.221944, -0.143641, 0.948753, 0.173137
0.206214, -0.146798, 0.952525, 0.169183
0.191501, -0.137753, 0.956602, 0.171066
0.180783, -0.153549, 0.957032, 0.166820
0.169522, -0.164196, 0.957816, 0.163984
0.151065, -0.156724, 0.962543, 0.161643
0.137395, -0.160926, 0.964333, 0.159021
0.131993, -0.162270, 0.963705, 0.165887
0.108634, -0.168245, 0.967785, 0.152595
0.101438, -0.160392, 0.968301, 0.162412
0.096078, -0.178753, 0.965907, 0.160746
0.086275, -0.171278, 0.967008, 0.167678
0.066180, -0.163877, 0.970363, 0.164804
0.066663, -0.186596, 0.966047, 0.165808
0.043385, -0.178762, 0.969847, 0.159868
0.022503, -0.186620, 0.971099, 0.147083
0.017079, -0.186711, 0.969978, 0.154889
0.009745, -0.196004, 0.968227, 0.154997
0.002547, 0.191791, -0.968586, -0.158275
0.023527, 0.193940, -0.969422, -0.148506
0.033314, 0.197593, -0.968258, -0.149413
0.045598, 0.191831, -0.968175, -0.154140
0.059910, 0.188815, -0.967847, -0.155020
0.077124, 0.195416, -0.966772, -0.145659
0.081796, 0.202370, -0.964360, -0.149548
0.094721, 0.205180, -0.962909, -0.147427
0.105184, 0.210711, -0.960874, -0.145802
0.116253, 0.215367, -0.958827, -0.144060
0.131420, 0.204371, -0.958280, -0.150532
0.137028, 0.214857, -0.955292, -0.149925
0.153651, 0.208531, -0.953961, -0.151212
0.161919, 0.214296, -0.951277, -0.151429
0.184665, 0.211433, -0.949132, -0.142631
0.182774, 0.224696, -0.945693, -0.147546
0.194086, 0.236876, -0.941925, -0.137831
0.208701, 0.231008, -0.939789, -0.140979
0.227164, 0.229135, -0.936733, -0.135740
0.236879, 0.233154, -0.933408, -0.135196
0.246379, 0.237554, -0.929948, -0.134397
0.268327, 0.227314, -0.926580, -0.133339
0.267686, 0.242307, -0.922886, -0.133839
0.277762, 0.240268, -0.919660, -0.139088
0.285433, 0.255040, -0.914856, -0.128534
0.311729, 0.241630, -0.910347, -0.125333
0.320251, 0.252048, -0.905551, -0.117850
0.340739, 0.242968, -0.900638, -0.117111
0.344257, 0.249587, -0.896952, -0.121118
0.355794, 0.252305, -0.892049, -0.118327
0.370509, 0.248517, -0.886971, -0.119354
0.375143, 0.259391, -0.882405, -0.115525
0.393769, 0.255401, -0.876063, -0.110586
0.399349, 0.258110, -0.871969, -0.116488
0.416803, 0.254186, -0.865364, -0.113177
0.429793, 0.259128, -0.858749, -0.103349
0.425490, 0.270282, -0.856293, -0.112549
0.443348, 0.272577, -0.848234, -0.098195
0.454513, 0.272957, -0.842227, -0.097808
0.457731, 0.278868, -0.838017, -0.102186
0.467623, 0.278857, -0.832244, -0.104584
0.482098, 0.277984, -0.824789, -0.100141
0.499326, 0.275419, -0.816194, -0.092981
0.497792, 0.285409, -0.813012, -0.098776
0.518342, 0.277179, -0.803360, -0.095428
0.530841, 0.274876, -0.795811, -0.096621
0.540219, 0.280912, -0.788444, -0.087227
0.540620, 0.290588, -0.784414, -0.089349
0.553765, 0.288942, -0.776054, -0.087160
0.567632, 0.287738, -0.767004, -0.081884
0.576721, 0.288149, -0.759809, -0.083987
0.577668, 0.301607, -0.754781, -0.075088
0.599799, 0.286493, -0.742662, -0.081338
0.603359, 0.295420, -0.736815, -0.076080
0.613078, 0.297506, -0.728393, -0.071204
0.623284, 0.299168, -0.719535, -0.065457
0.630651, 0.300789, -0.712187, -0.067782
0.642586, 0.301553, -0.701980, -0.058081
0.656629, 0.297615, -0.690864, -0.054505
0.664728, 0.295649, -0.682994, -0.065175
0.668243, 0.302416, -0.676736, -0.063431
0.674202, 0.309810, -0.668574, -0.049789
0.687696, 0.301535, -0.657499, -0.062017
0.692383, 0.309570, -0.649887, -0.049174
0.705034, 0.304420, -0.638349, -0.052589
0.711434, 0.308700, -0.629707, -0.045102
0.713469, 0.317086, -0.623570, -0.039749
0.730539, 0.308047, -0.608376, -0.036052
0.736939, 0.310580, -0.599445, -0.033549
0.733884, 0.323221, -0.596515, -0.033350
0.747364, 0.316343, -0.583079, -0.037336
0.751437, 0.321410, -0.575268, -0.033222
0.754768, 0.328537, -0.567432, -0.020217
0.760149, 0.330583, -0.558880, -0.023281
0.771666, 0.327179, -0.545233, -0.014342
0.788620, 0.315830, -0.527442, -0.011613
0.791712, 0.320242, -0.519975, -0.016223
0.800225, 0.319072, -0.507698, -0.008651
0.806216, 0.319436, -0.497695, -0.016626
0.805218, 0.329720, -0.492793, -0.007967
0.818558, 0.321248, -0.476119, -0.008603
0.817420, 0.331133, -0.471339, -0.003823
0.822764, 0.333063, -0.460422, 0.011818
0.830307, 0.331072, -0.448267, 0.006225
0.837925, 0.329020, -0.435356, 0.009645
0.840336, 0.333547, -0.427219, 0.008092
0.848163, 0.330766, -0.413654, 0.010200
0.852343, 0.332610, -0.403310, 0.014913
0.861849, 0.326824, -0.387432, 0.017289
0.861109, 0.335186, -0.381821, 0.018833
0.867698, 0.333188, -0.368491, 0.017342
0.878347, 0.324415, -0.350235, 0.024453
0.874532, 0.337355, -0.347809, 0.020344
0.881054, 0.333338, -0.333422, 0.038207
0.885771, 0.333238, -0.321193, 0.034594
0.880514, 0.347597, -0.320369, 0.035145
0.887598, 0.342675, -0.304819, 0.042775
0.898973, 0.330837, -0.283563, 0.044571
0.896327, 0.340441, -0.279399, 0.051327
0.897155, 0.345181, -0.270916, 0.050670
0.907359, 0.334106, -0.249848, 0.051458
0.905736, 0.340127, -0.243968, 0.066603
0.912230, 0.335305, -0.227214, 0.061487
0.911523, 0.342439, -0.220088, 0.058496
0.913259, 0.343302, -0.209321, 0.065471
0.921104, 0.333436, -0.189194, 0.067771
0.919010, 0.342895, -0.183633, 0.064211
0.926599, 0.331483, -0.162921, 0.070642
0.925888, 0.339150, -0.154570, 0.061773
0.922454, 0.345475, -0.151357, 0.082560
0.926438, 0.340495, -0.135377, 0.086304
0.936774, 0.324114, -0.107364, 0.076666
0.931966, 0.337814, -0.105814, 0.078259
0.933592, 0.337839, -0.092293, 0.075851
0.929644, 0.342335, -0.090004, 0.102317
0.933155, 0.335441, -0.072798, 0.106781
0.936551, 0.334412, -0.054524, 0.089816
0.938690, 0.331388, -0.038303, 0.087043
0.931216, 0.345281, -0.043236, 0.108393
0.936080, 0.335664, -0.020831, 0.103202
0.933996, 0.339374, -0.013447, 0.110885
0.933652, 0.337403, -0.002061, 0.120203
0.934093, 0.337075, 0.012064, 0.117072
0.937236, 0.327487, 0.033304, 0.115026
0.932904, 0.337711, 0.036356, 0.119667
0.935747, 0.329197, 0.058959, 0.111936
0.931263, 0.338291, 0.061365, 0.120590
0.930659, 0.332375, 0.073690, 0.134057
0.929694, 0.332158, 0.086937, 0.133351
0.928189, 0.334856, 0.099922, 0.127878
0.925783, 0.331674, 0.107589, 0.146094
0.923825, 0.333180, 0.119085, 0.146143
0.924566, 0.323716, 0.140026, 0.144145
0.920180, 0.328560, 0.142965, 0.157727
0.919071, 0.327998, 0.160246, 0.148481
0.917378, 0.325697, 0.175514, 0.146744
0.914598, 0.324341, 0.185501, 0.154606
0.910829, 0.326675, 0.191888, 0.163867
0.907991, 0.326905, 0.203860, 0.164701
0.904683, 0.325572, 0.212633, 0.174177
0.903031, 0.322048, 0.234758, 0.160343
0.898346, 0.328003, 0.238596, 0.168700
0.895927, 0.316205, 0.250979, 0.185305
0.892751, 0.316975, 0.268123, 0.175023
0.888794, 0.318671, 0.280883, 0.172043
0.883885, 0.320044, 0.278897, 0.196304
0.880351, 0.319276, 0.297237, 0.186269
0.876517, 0.315419, 0.309809, 0.190388
0.873490, 0.301575, 0.328557, 0.195237
0.867853, 0.312673, 0.334760, 0.192359
0.862631, 0.315195, 0.352295, 0.180024
0.859003, 0.304649, 0.359568, 0.200036
0.853389, 0.305340, 0.380376, 0.183871
0.848756, 0.303286, 0.385102, 0.198313
0.843931, 0.301141, 0.390181, 0.211785
0.838756, 0.298137, 0.401440, 0.215518
0.833175, 0.300085, 0.409672, 0.218947
0.826933, 0.299168, 0.427556, 0.209466
0.820918, 0.304342, 0.433526, 0.213367
0.816151, 0.288390, 0.448011, 0.223640
0.809094, 0.297968, 0.457304, 0.217843
0.803228, 0.294459, 0.467294, 0.223060
0.797621, 0.286301, 0.477835, 0.231314
0.791051, 0.287576, 0.487186, 0.232784
0.784233, 0.298734, 0.490387, 0.235067
0.778676, 0.280979, 0.504589, 0.245163
0.771401, 0.287536, 0.512740, 0.243643
0.763809, 0.275038, 0.532157, 0.240331
0.758132, 0.277581, 0.532953, 0.253269
0.748384, 0.286698, 0.548470, 0.238549
0.742417, 0.273758, 0.558324, 0.249296
0.733724, 0.277167, 0.570218, 0.244292
0.728506, 0.275395, 0.570715, 0.260232
0.718262, 0.266629, 0.592636, 0.248580
0.711501, 0.262902, 0.598888, 0.256869
0.705578, 0.268591, 0.598059, 0.268967
0.696616, 0.259997, 0.613055, 0.267004
0.687093, 0.266687, 0.622869, 0.262328
0.677899, 0.260377, 0.636096, 0.260844
0.669175, 0.256792, 0.646243, 0.261979
0.662602, 0.251357, 0.650686, 0.272738
0.653983, 0.255523, 0.657007, 0.274510
0.645253, 0.248496, 0.667219, 0.276979
0.638574, 0.252087, 0.668106, 0.286897
0.625626, 0.246554, 0.687413, 0.274347
0.617010, 0.242206, 0.695129, 0.278263
0.608397, 0.243401, 0.700679, 0.282237
0.596872, 0.238413, 0.714348, 0.276785
0.590696, 0.238376, 0.714450, 0.289511
0.583576, 0.237688, 0.716652, 0.298920
0.570950, 0.228357, 0.732792, 0.291349
0.563326, 0.229661, 0.735001, 0.299488
0.551710, 0.235259, 0.743509, 0.295743
0.540737, 0.223025, 0.755797, 0.294338
0.531070, 0.218095, 0.762986, 0.297071
0.522991, 0.217057, 0.765922, 0.304517
0.510583, 0.219370, 0.775350, 0.300025
0.499880, 0.217544, 0.782584, 0.300596
0.488546, 0.222317, 0.788531, 0.300194
0.477819, 0.208018, 0.798863, 0.300392
0.470205, 0.215479, 0.797642, 0.310232
0.456259, 0.200966, 0.812381, 0.302454
0.449686, 0.206099, 0.809995, 0.314983
0.439809, 0.201374, 0.815228, 0.318465
0.426252, 0.193094, 0.826541, 0.312815
0.415726, 0.198651, 0.829368, 0.316003
0.408645, 0.186667, 0.831905, 0.325728
0.395688, 0.184569, 0.839823, 0.322587
0.384945, 0.182631, 0.844368, 0.324817
0.372994, 0.182037, 0.849932, 0.324584
0.363112, 0.180332, 0.852853, 0.329047
0.345293, 0.180463, 0.865010, 0.316170
0.341137, 0.180477, 0.859995, 0.333861
0.329143, 0.168850, 0.867548, 0.332439
0.313609, 0.167678, 0.876290, 0.325038
0.306697, 0.162381, 0.875708, 0.335717
0.292258, 0.166723, 0.881186, 0.332114
0.282519, 0.164633, 0.882755, 0.337375
0.272344, 0.150079, 0.887833, 0.339201
0.253970, 0.157782, 0.895892, 0.328607
0.244677, 0.155497, 0.896503, 0.335017
0.225240, 0.161445, 0.905045, 0.322639
0.222222, 0.147976, 0.902072, 0.339096
0.210874, 0.134512, 0.907144, 0.338420
0.197762, 0.140146, 0.908975, 0.339136
0.184809, 0.139893, 0.911858, 0.338809
0.173250, 0.136947, 0.913915, 0.340571
0.162532, 0.128809, 0.916371, 0.342425
0.146744, 0.143942, 0.917000, 0.341845
0.136087, 0.127334, 0.921479, 0.340798
0.121658, 0.125322, 0.925075, 0.337239
0.116543, 0.116384, 0.922257, 0.349734
0.097842, 0.118234, 0.928111, 0.339200
0.092736, 0.111244, 0.924643, 0.352221
0.077257, 0.111724, 0.927702, 0.347733
0.062477, 0.103837, 0.932118, 0.341279
0.058177, 0.092310, 0.928904, 0.353881
0.043657, 0.101186, 0.928501, 0.354601
0.027029, 0.095239, 0.933265, 0.345277
0.019593, 0.088902, 0.930960, 0.353590
0.003135, -0.104589, -0.933866, -0.341973
0.007579, -0.087590, -0.932168, -0.351189
0.020991, -0.091113, -0.931172, -0.352387
0.030471, -0.085038, -0.929881, -0.356597
0.042396, -0.070638, -0.932394, -0.351931
0.057493, -0.083321, -0.929562, -0.354494
0.067742, -0.072727, -0.929707, -0.354635
0.083695, -0.074344, -0.930052, -0.349960
0.096719, -0.077476, -0.927761, -0.351999
0.103199, -0.060386, -0.926991, -0.355516
0.117120, -0.053877, -0.927778, -0.350154
0.132626, -0.063493, -0.924824, -0.350828
0.149546, -0.065398, -0.924632, -0.344115
0.149921, -0.041754, -0.921711, -0.355289
0.168565, -0.051383, -0.920100, -0.349802
0.176848, -0.046340, -0.916387, -0.356107
0.188789, -0.043666, -0.914007, -0.356430
0.199221, -0.036668, -0.911934, -0.356850
0.217245, -0.038074, -0.911486, -0.347200
0.222670, -0.030989, -0.906401, -0.357625
0.238473, -0.031051, -0.904770, -0.351508
0.246283, -0.026853, -0.899945, -0.358779
0.263112, -0.029481, -0.897693, -0.352207
0.275558, -0.020082, -0.896771, -0.345638
0.285637, -0.019414, -0.891696, -0.350588
0.294329, -0.009259, -0.888838, -0.351072
0.310399, -0.010848, -0.885897, -0.344559
0.327019, -0.009732, -0.883926, -0.334123
0.331953, -0.007439, -0.876286, -0.349107
0.343610, 0.005278, -0.875367, -0.340054
0.356381, -0.002598, -0.868094, -0.345541
0.366338, -0.001936, -0.862063, -0.350200
0.374660, 0.007643, -0.858306, -0.350546
0.385743, 0.009870, -0.853199, -0.350935
0.400622, 0.010818, -0.849338, -0.343527
0.418347, 0.002705, -0.843376, -0.337188
0.424696, 0.009593, -0.837283, -0.344235
0.436803, 0.013512, -0.832827, -0.339735
0.446020, 0.020102, -0.827894, -0.339490
0.456019, 0.024762, -0.822519, -0.338963
0.468774, 0.023862, -0.816199, -0.336898
0.475148, 0.033633, -0.810940, -0.339822
0.487039, 0.034563, -0.804729, -0.337652
0.497222, 0.037174, -0.798278, -0.337846
0.503844, 0.048256, -0.793518, -0.337848
0.523190, 0.032800, -0.783724, -0.333125
0.533715, 0.035144, -0.777000, -0.331940
0.541398, 0.039256, -0.769528, -0.336414
0.547317, 0.057004, -0.767186, -0.329574
0.556290, 0.061191, -0.760356, -0.329630
0.571531, 0.053658, -0.751298, -0.325613
0.582298, 0.048929, -0.741009, -0.330819
0.591366, 0.049506, -0.732145, -0.334364
0.602177, 0.052041, -0.725148, -0.329900
0.606911, 0.067141, -0.721064, -0.327440
0.620807, 0.060573, -0.711094, -0.324460
0.629315, 0.067364, -0.704840, -0.320352
0.639948, 0.066695, -0.695923, -0.318919
0.650320, 0.073853, -0.690842, -0.307192
0.653270, 0.080561, -0.681339, -0.320197
0.665688, 0.073245, -0.669653, -0.321029
0.672566, 0.080423, -0.662551, -0.319708
0.682497, 0.082405, -0.654397, -0.314916
0.690947, 0.081617, -0.643670, -0.318778
0.697433, 0.093704, -0.639135, -0.310345
0.704401, 0.100309, -0.631733, -0.307687
0.714597, 0.096003, -0.620031, -0.309348
0.728870, 0.084233, -0.606528, -0.306230
0.731721, 0.098914, -0.601150, -0.305646
0.744211, 0.091514, -0.589044, -0.301335
0.749484, 0.101482, -0.582533, -0.297709
0.753723, 0.107222, -0.572578, -0.304238
0.761735, 0.110986, -0.564247, -0.298440
0.772151, 0.105186, -0.551507, -0.297587
0.779135, 0.109763, -0.542987, -0.293370
0.788084, 0.102409, -0.527854, -0.299677
0.793958, 0.109804, -0.520448, -0.294463
0.799444, 0.120041, -0.514783, -0.285444
0.801543, 0.128878, -0.505151, -0.292816
0.813413, 0.123975, -0.494581, -0.279963
0.821504, 0.121470, -0.482391, -0.278703
0.825424, 0.127331, -0.472251, -0.281854
0.831957, 0.126526, -0.459768, -0.283643
0.835304, 0.141757, -0.456453, -0.271705
0.844007, 0.131240, -0.438870, -0.278966
0.850993, 0.129928, -0.426749, -0.277156
0.856979, 0.131547, -0.415947, -0.274353
0.861113, 0.140257, -0.408832, -0.267711
0.867361, 0.134778, -0.392681, -0.274447
0.870567, 0.147019, -0.387672, -0.264968
0.877973, 0.137915, -0.370152, -0.270427
0.884369, 0.143192, -0.363875, -0.254917
0.888954, 0.140261, -0.348165, -0.262429
0.891631, 0.149432, -0.340338, -0.258522
0.897993, 0.140673, -0.322337, -0.264423
0.899527, 0.152723, -0.315636, -0.260577
0.906551, 0.147783, -0.302466, -0.254638
0.910559, 0.154181, -0.294974, -0.245153
0.914384, 0.154273, -0.281739, -0.246425
